  0.0790
  0.0860
  0.0920
  0.0960
  0.0990
  0.1030
  0.1040
  0.1100
  0.1170
  0.1510
  0.3470
  0.5500
  0.5840
  0.5470
  0.5090
  0.4820
  0.4470
  0.4190
  0.3910
  0.3870
  0.3570
  0.3320
  0.3240
  0.3170
  0.3080
  0.3010
  0.2900
  0.2810
  0.2700
  0.2740
  0.2610
  0.2610
  0.2550
  0.2540
  0.2450
  0.2410
  0.2360
  0.2320
  0.2290
  0.2270
  0.2250
  0.2240
  0.2210
  0.2210
  0.2200
  0.2200
  0.2160
  0.2120
  0.2120
  0.2110
  0.2070
  0.1990
  0.1970
  0.1930
  0.1930
  0.1960
  0.1960
  0.1930
  0.1920
  0.1930
  0.1960
  0.1960
  0.1920
  0.1930
  0.1890
  0.1920
  0.1920
  0.1930
  0.1920
  0.1920
  0.1920
  0.1800
  0.1740
  0.1710
  0.1670
  0.1650
  0.1640
  0.1610
  0.1580
  0.1560
  0.1550
  0.1520
  0.1490
  0.1480
  0.1470
  0.1460
  0.1430
  0.1430
  0.1390
  0.1360
  0.1340
  0.1340
  0.1320
  0.1280
  0.1280
  0.1280
  0.1260
  0.1270
  0.1240
  0.1230
  0.1210
  0.1200
  0.1200
  0.1200
  0.1200
  0.1170
  0.1150
  0.1120
  0.1120
  0.1100
  0.1100
  0.1080
  0.1060
  0.1060
  0.1040
  0.1030
  0.1000
  0.0990
  0.0990
  0.0980
  0.0980
  0.0980
  0.0980
  0.0980
  0.0960
  0.0950
  0.0950
  0.0950
  0.0950
  0.0930
  0.0920
  0.0920
  0.0930
  0.0920
  0.0920
  0.0920
  0.0920
  0.0910
  0.0910
  0.0910
  0.0910
  0.0900
  0.0900
  0.0890
  0.0890
  0.0890
  0.0880
  0.0880
  0.0870
  0.0870
  0.0860
  0.0870
  0.0870
  0.0860
  0.0860
  0.0850
  0.0850
  0.0840
  0.0850
  0.0840
  0.0840
  0.0840
  0.0840
  0.0840
  0.0840
  0.0830
  0.0830
  0.0830
  0.0820
  0.0820
  0.0820
  0.0810
  0.0820
  0.0810
  0.0810
  0.0790
  0.0790
  0.0780
  0.0780
  0.0770
  0.0760
  0.0750
  0.0750
  0.0750
  0.0760
  0.0750
  0.0760
  0.0760
  0.0760
  0.0760
  0.0760
  0.0760
  0.0750
  0.0760
  0.0760
  0.0780
  0.0770
  0.0760
  0.0760
  0.0760
  0.0750
  0.0750
  0.0750
  0.0750
  0.0750
  0.0750
  0.0750
  0.0740
  0.0750
  0.0750
  0.0740
  0.0740
  0.0740
  0.0740
  0.0740
  0.0740
  0.0730
  0.0740
  0.0730
  0.0730
  0.0730
  0.0730
  0.0730
  0.0720
  0.0720
  0.0720
  0.0710
  0.0710
  0.0710
  0.0710
  0.0710
  0.0710
  0.0710
  0.0710
  0.0710
  0.0700
  0.0710
  0.0700
  0.0710
  0.0710
  0.0700
  0.0700
  0.0700
  0.0700
  0.0690
  0.0690
  0.0700
  0.0690
  0.0690
  0.0690
  0.0690
  0.0680
  0.0690
  0.0690
  0.0680
  0.0680
  0.0670
  0.0670
  0.0670
  0.0670
  0.0670
  0.0670
  0.0670
  0.0670
  0.0670
  0.0670
  0.0670
  0.0660
  0.0650
  0.0670
  0.0650
  0.0650
  0.0640
  0.0650
  0.0650
  0.0620
  0.0620
  0.0620
  0.0610
  0.0620
  0.0610
  0.0620
  0.0610
  0.0610
  0.0610
  0.0600
  0.0600
  0.0610
  0.0610
  0.0590
  0.0600
  0.0600
  0.0590
  0.0600
  0.0590
  0.0590
  0.0590
  0.0590
  0.0590
  0.0590
  0.0590
  0.0580
  0.0590
  0.0580
  0.0570
  0.0570
  0.0570
  0.0570
  0.0570
  0.0570
  0.0570
  0.0570
  0.0570
  0.0570
  0.0570
  0.0570
  0.0570
  0.0570
  0.0570
  0.0570
  0.0570
  0.0570
  0.0570
  0.0570
  0.0560
  0.0560
  0.0570
  0.0560
  0.0560
  0.0560
  0.0560
  0.0560
  0.0560
  0.0560
  0.0560
  0.0560
  0.0560
  0.0560
  0.0560
  0.0550
  0.0560
  0.0560
  0.0560
  0.0560
  0.0560
  0.0560
  0.0560
  0.0560
  0.0560
  0.0560
  0.0560
  0.0550
  0.0560
  0.0560
  0.0560
  0.0560
  0.0560
  0.0560
  0.0550
  0.0560
  0.0550
  0.0550
  0.0560
  0.0550
  0.0550
  0.0550
  0.0550
  0.0550
  0.0550
  0.0550
  0.0560
  0.0550
  0.0550
  0.0550
  0.0550
  0.0550
  0.0540
  0.0540
  0.0540
  0.0540
  0.0540
  0.0540
  0.0540
  0.0540
  0.0540
  0.0540
  0.0550
  0.0540
  0.0540
  0.0540
  0.0550
  0.0550
  0.0550
  0.0550
  0.0540
  0.0550
  0.0550
  0.0550
  0.0550
  0.0540
  0.0550
  0.0550
  0.0540
  0.0550
  0.0550
  0.0550
  0.0540
  0.0540
  0.0540
  0.0540
  0.0540
  0.0540
  0.0540
  0.0550
  0.0540
  0.0540
  0.0540
  0.0540
  0.0540
  0.0550
  0.0560
  0.0570
  0.0650
  0.0760
  0.0900
  0.1150
  0.1340
  0.1460
  0.1510
  0.1550
  0.1550
  0.1560
  0.1560
  0.1560
  0.1530
  0.1520
  0.1510
  0.1470
  0.1450
  0.1400
  0.1370
  0.1320
  0.1290
  0.1240
  0.1230
  0.1170
  0.1170
  0.1140
  0.1120
  0.1150
  0.1180
  0.1200
  0.1240
  0.1290
  0.1340
  0.1380
  0.1390
  0.1430
  0.1460
  0.1460
  0.1490
  0.1510
  0.1520
  0.1520
  0.1530
  0.1530
  0.1550
  0.1550
  0.1550
  0.1530
  0.1530
  0.1530
  0.1520
  0.1520
  0.1510
  0.1480
  0.1480
  0.1470
  0.1450
  0.1420
  0.1390
  0.1390
  0.1340
  0.1330
  0.1300
  0.1280
  0.1260
  0.1230
  0.1200
  0.1180
  0.1170
  0.1120
  0.1140
  0.1080
  0.1060
  0.1030
  0.1000
  0.1000
  0.0980
  0.0970
  0.0970
  0.0950
  0.0950
  0.0940
  0.0940
  0.0930
  0.0910
  0.0910
  0.0900
  0.0900
  0.0890
  0.0870
  0.0860
  0.0860
  0.0860
  0.0850
  0.0850
  0.0840
  0.0830
  0.0820
  0.0810
  0.0800
  0.0790
  0.0780
  0.0770
  0.0770
  0.0770
  0.0770
  0.0780
  0.0780
  0.0780
  0.0780
  0.0770
  0.0770
  0.0780
  0.0770
  0.0760
  0.0760
  0.0750
  0.0750
  0.0740
  0.0740
  0.0740
  0.0740
  0.0740
  0.0740
  0.0740
  0.0740
  0.0730
  0.0730
  0.0730
  0.0730
  0.0730
  0.0730
  0.0730
  0.0720
  0.0710
  0.0710
  0.0710
  0.0710
  0.0700
  0.0700
  0.0690
  0.0700
  0.0690
  0.0690
  0.0690
  0.0670
  0.0670
  0.0680
  0.0670
  0.0670
  0.0670
  0.0670
  0.0660
  0.0660
  0.0660
  0.0650
  0.0650
  0.0660
  0.0650
  0.0650
  0.0650
  0.0640
  0.0640
  0.0630
  0.0620
  0.0620
  0.0620
  0.0620
  0.0620
  0.0610
  0.0610
  0.0610
  0.0610
  0.0610
  0.0600
  0.0620
  0.0600
  0.0620
  0.0610
  0.0600
  0.0610
  0.0600
  0.0590
  0.0590
  0.0590
  0.0580
  0.0590
  0.0580
  0.0590
  0.0570
  0.0580
  0.0580
  0.0570
  0.0570
  0.0570
  0.0570
  0.0570
  0.0570
  0.0570
  0.0570
  0.0570
  0.0570
  0.0570
  0.0570
  0.0570
  0.0570
  0.0570
  0.0570
  0.0570
  0.0570
  0.0570
  0.0570
  0.0570
  0.0570
  0.0570
  0.0560
  0.0560
  0.0560
  0.0560
  0.0560
  0.0560
  0.0560
  0.0560
  0.0560
  0.0560
  0.0560
  0.0560
  0.0560
  0.0560
  0.0560
  0.0560
  0.0560
  0.0560
  0.0560
  0.0560
  0.0560
  0.0560
  0.0560
  0.0560
  0.0560
  0.0560
  0.0560
  0.0560
  0.0560
  0.0560
  0.0560
  0.0560
  0.0560
  0.0560
  0.0560
  0.0560
  0.0560
  0.0560
  0.0560
  0.0560
  0.0560
  0.0560
  0.0560
  0.0560
  0.0560
  0.0560
  0.0550
  0.0560
  0.0560
  0.0550
  0.0550
  0.0550
  0.0550
  0.0550
  0.0540
  0.0550
  0.0550
  0.0540
  0.0550
  0.0550
  0.0550
  0.0550
  0.0550
  0.0540
  0.0550
  0.0540
  0.0540
  0.0540
  0.0540
  0.0540
  0.0540
  0.0540
  0.0540
  0.0540
  0.0530
  0.0530
  0.0530
  0.0530
  0.0530
  0.0530
  0.0530
  0.0520
  0.0520
  0.0510
  0.0510
  0.0510
  0.0520
  0.0520
  0.0510
  0.0510
  0.0510
  0.0510
  0.0510
  0.0510
  0.0510
  0.0510
  0.0510
  0.0510
  0.0510
  0.0520
  0.0560
  0.0640
  0.0740
  0.0860
  0.0970
  0.1200
  0.1320
  0.1390
  0.1460
  0.1470
  0.1510
  0.1520
  0.1550
  0.1570
  0.1560
  0.1570
  0.1580
  0.1590
  0.1610
  0.1620
  0.1640
  0.1650
  0.1650
  0.1670
  0.1680
  0.1700
  0.1710
  0.1700
  0.1720
  0.1710
  0.1710
  0.1720
  0.1740
  0.1750
  0.1750
  0.1750
  0.1750
  0.1770
  0.1780
  0.1770
  0.1750
  0.1750
  0.1780
  0.1770
  0.1780
  0.1750
  0.1740
  0.1720
  0.1710
  0.1710
  0.1680
  0.1680
  0.1670
  0.1650
  0.1620
  0.1590
  0.1580
  0.1570
  0.1530
  0.1520
  0.1480
  0.1470
  0.1450
  0.1420
  0.1390
  0.1370
  0.1360
  0.1290
  0.1280
  0.1260
  0.1240
  0.1230
  0.1200
  0.1200
  0.1170
  0.1120
  0.1140
  0.1080
  0.1040
  0.1040
  0.1000
  0.1000
  0.0980
  0.0980
  0.0980
  0.0980
  0.0960
  0.0960
  0.0960
  0.0950
  0.0940
  0.0940
  0.0930
  0.0920
  0.0910
  0.0900
  0.0910
  0.0890
  0.0870
  0.0870
  0.0870
  0.0870
  0.0860
  0.0840
  0.0840
  0.0830
  0.0820
  0.0810
  0.0800
  0.0790
  0.0770
  0.0760
  0.0780
  0.0780
  0.0780
  0.0780
  0.0770
  0.0760
  0.0750
  0.0750
  0.0740
  0.0740
  0.0740
  0.0740
  0.0740
  0.0730
  0.0730
  0.0730
  0.0720
  0.0730
  0.0720
  0.0710
  0.0710
  0.0710
  0.0710
  0.0700
  0.0710
  0.0700
  0.0690
  0.0690
  0.0690
  0.0690
  0.0690
  0.0690
  0.0690
  0.0680
  0.0690
  0.0680
  0.0670
  0.0670
  0.0670
  0.0670
  0.0670
  0.0660
  0.0650
  0.0650
  0.0660
  0.0670
  0.0660
  0.0650
  0.0640
  0.0640
  0.0630
  0.0630
  0.0620
  0.0610
  0.0620
  0.0610
  0.0610
  0.0620
  0.0610
  0.0620
  0.0620
  0.0630
  0.0610
  0.0620
  0.0640
  0.0620
  0.0600
  0.0620
  0.0610
  0.0600
  0.0590
  0.0590
  0.0590
  0.0590
  0.0580
  0.0570
  0.0570
  0.0570
  0.0570
  0.0570
  0.0560
  0.0560
  0.0560
  0.0560
  0.0560
  0.0560
  0.0560
  0.0560
  0.0560
  0.0570
  0.0560
  0.0560
  0.0560
  0.0560
  0.0560
  0.0560
  0.0560
  0.0560
  0.0560
  0.0550
  0.0560
  0.0550
  0.0550
  0.0550
  0.0550
  0.0550
  0.0550
  0.0540
  0.0540
  0.0540
  0.0540
  0.0540
  0.0540
  0.0540
  0.0530
  0.0530
  0.0530
  0.0530
  0.0530
  0.0530
  0.0520
  0.0530
  0.0530
  0.0520
  0.0520
  0.0520
  0.0520
  0.0520
  0.0520
  0.0510
  0.0510
  0.0510
  0.0510
  0.0510
  0.0510
  0.0510
  0.0510
  0.0500
  0.0510
  0.0510
  0.0500
  0.0510
  0.0500
  0.0510
  0.0510
  0.0500
  0.0500
  0.0500
  0.0500
  0.0500
  0.0510
  0.0500
  0.0500
  0.0500
  0.0500
  0.0500
  0.0500
  0.0500
  0.0500
  0.0500
  0.0510
  0.0510
  0.0520
  0.0530
  0.0550
  0.0550
  0.0560
  0.0570
  0.0570
  0.0580
  0.0590
  0.0590
  0.0590
  0.0590
  0.0590
  0.0590
  0.0600
  0.0590
  0.0590
  0.0590
  0.0580
  0.0590
  0.0590
  0.0590
  0.0590
  0.0590
  0.0570
  0.0570
  0.0570
  0.0570
  0.0570
  0.0560
  0.0560
  0.0560
  0.0560
  0.0560
  0.0560
  0.0560
  0.0560
  0.0560
  0.0550
  0.0550
  0.0550
  0.0550
  0.0550
  0.0550
  0.0550
  0.0550
  0.0550
  0.0550
  0.0550
  0.0540
  0.0540
  0.0540
  0.0540
  0.0540
  0.0540
  0.0540
  0.0530
  0.0530
  0.0530
  0.0530
  0.0530
  0.0530
  0.0530
  0.0520
  0.0530
  0.0520
  0.0530
  0.0520
  0.0530
  0.0520
  0.0520
  0.0520
  0.0520
  0.0520
  0.0510
  0.0520
  0.0510
  0.0520
  0.0510
  0.0510
  0.0510
  0.0510
  0.0510
  0.0510
  0.0510
  0.0510
  0.0500
  0.0500
  0.0500
  0.0500
  0.0500
  0.0500
  0.0500
  0.0500
  0.0500
  0.0500
  0.0500
  0.0500
  0.0500
  0.0500
  0.0500
  0.0500
  0.0500
  0.0500
  0.0500
  0.0500
  0.0500
  0.0500
  0.0500
  0.0500
  0.0500
  0.0490
  0.0490
  0.0500
  0.0490
  0.0490
  0.0490
  0.0490
  0.0490
  0.0490
  0.0490
  0.0490
  0.0490
  0.0490
  0.0490
  0.0490
  0.0490
  0.0490
  0.0490
  0.0480
  0.0490
  0.0490
  0.0490
  0.0480
  0.0490
  0.0490
  0.0490
  0.0490
  0.0490
  0.0490
  0.0490
  0.0490
  0.0480
  0.0490
  0.0490
  0.0480
  0.0490
  0.0490
  0.0480
  0.0480
  0.0480
  0.0480
  0.0490
  0.0480
  0.0480
  0.0490
  0.0480
  0.0480
  0.0480
  0.0480
  0.0480
  0.0490
  0.0480
  0.0480
  0.0490
  0.0480
  0.0480
  0.0480
  0.0490
  0.0480
  0.0490
  0.0480
  0.0480
  0.0480
  0.0480
  0.0490
  0.0480
  0.0480
  0.0480
  0.0470
  0.0480
  0.0470
  0.0470
  0.0470
  0.0470
  0.0470
  0.0470
  0.0470
  0.0480
  0.0480
  0.0480
  0.0490
  0.0490
  0.0490
  0.0490
  0.0490
  0.0480
  0.0480
  0.0480
  0.0470
  0.0470
  0.0460
  0.0460
  0.0470
  0.0470
  0.0460
  0.0460
  0.0470
  0.0460
  0.0470
  0.0470
  0.0470
  0.0470
  0.0470
  0.0480
  0.0470
  0.0480
  0.0470
  0.0470
  0.0470
  0.0460
  0.0450
  0.0450
  0.0460
  0.0460
  0.0470
  0.0470
  0.0470
  0.0480
  0.0480
  0.0490
  0.0490
  0.0490
  0.0500
  0.0490
  0.0490
  0.0490
  0.0490
  0.0490
  0.0490
  0.0490
  0.0490
  0.0490
  0.0490
  0.0490
  0.0490
  0.0490
  0.0490
  0.0490
  0.0490
  0.0490
  0.0490
  0.0490
  0.0490
  0.0490
  0.0490
  0.0490
  0.0480
  0.0480
  0.0480
  0.0490
  0.0470
  0.0470
  0.0470
  0.0470
  0.0470
  0.0470
  0.0470
  0.0470
  0.0470
  0.0470
  0.0470
  0.0480
  0.0470
  0.0480
  0.0480
  0.0480
  0.0480
  0.0490
  0.0490
  0.0490
  0.0490
  0.0490
  0.0480
  0.0500
  0.0490
  0.0490
  0.0490
  0.0490
  0.0490
  0.0490
  0.0490
  0.0490
  0.0480
  0.0490
  0.0490
  0.0490
  0.0480
  0.0480
  0.0480
  0.0480
  0.0480
  0.0480
  0.0480
  0.0480
  0.0480
  0.0470
  0.0470
  0.0460
  0.0450
  0.0450
  0.0450
  0.0450
  0.0450
  0.0450
  0.0450
  0.0450
  0.0450
  0.0460
  0.0460
  0.0480
  0.0470
  0.0470
  0.0470
  0.0470
  0.0470
  0.0470
  0.0470
  0.0470
  0.0470
  0.0470
  0.0470
  0.0470
  0.0470
  0.0470
  0.0470
  0.0460
  0.0460
  0.0460
  0.0470
  0.0470
  0.0460
  0.0470
  0.0470
  0.0470
  0.0470
  0.0470
  0.0460
  0.0450
  0.0450
  0.0450
  0.0450
  0.0450
  0.0450
  0.0480
  0.0690
  0.0920
  0.1330
  0.1560
  0.1650
  0.1700
  0.1670
  0.1650
  0.1650
  0.1640
  0.1610
  0.1580
  0.1550
  0.1520
  0.1470
  0.1430
  0.1380
  0.1320
  0.1240
  0.1200
  0.1140
  0.1060
  0.0990
  0.0980
  0.0960
  0.0950
  0.0940
  0.0940
  0.0920
  0.0910
  0.0900
  0.0890
  0.0890
  0.0870
  0.0860
  0.0840
  0.0820
  0.0810
  0.0790
  0.0790
  0.0790
  0.0790
  0.0790
  0.0790
  0.0790
  0.0780
  0.0780
  0.0780
  0.0770
  0.0780
  0.0760
  0.0760
  0.0750
  0.0740
  0.0740
  0.0730
  0.0730
  0.0730
  0.0720
  0.0720
  0.0710
  0.0710
  0.0710
  0.0700
  0.0700
  0.0690
  0.0680
  0.0680
  0.0670
  0.0670
  0.0670
  0.0660
  0.0660
  0.0650
  0.0650
  0.0650
  0.0650
  0.0640
  0.0630
  0.0620
  0.0620
  0.0610
  0.0600
  0.0600
  0.0600
  0.0590
  0.0590
  0.0580
  0.0590
  0.0580
  0.0580
  0.0570
  0.0580
  0.0570
  0.0580
  0.0570
  0.0570
  0.0570
  0.0570
  0.0560
  0.0560
  0.0560
  0.0560
  0.0570
  0.0570
  0.0570
  0.0570
  0.0560
  0.0560
  0.0560
  0.0560
  0.0560
  0.0550
  0.0540
  0.0550
  0.0550
  0.0550
  0.0550
  0.0550
  0.0550
  0.0550
  0.0550
  0.0540
  0.0550
  0.0540
  0.0540
  0.0550
  0.0540
  0.0540
  0.0540
  0.0540
  0.0540
  0.0540
  0.0530
  0.0530
  0.0530
  0.0520
  0.0520
  0.0520
  0.0520
  0.0520
  0.0520
  0.0510
  0.0510
  0.0510
  0.0510
  0.0510
  0.0510
  0.0510
  0.0510
  0.0510
  0.0510
  0.0510
  0.0510
  0.0510
  0.0510
  0.0510
  0.0510
  0.0510
  0.0500
  0.0510
  0.0510
  0.0500
  0.0500
  0.0500
  0.0500
  0.0500
  0.0500
  0.0500
  0.0500
  0.0500
  0.0500
  0.0500
  0.0500
  0.0500
  0.0500
  0.0500
  0.0500
  0.0500
  0.0500
  0.0500
  0.0500
  0.0500
  0.0500
  0.0500
  0.0500
  0.0500
  0.0500
  0.0500
  0.0490
  0.0500
  0.0490
  0.0500
  0.0500
  0.0490
  0.0500
  0.0490
  0.0490
  0.0490
  0.0500
  0.0490
  0.0490
  0.0490
  0.0490
  0.0490
  0.0490
  0.0490
  0.0490
  0.0490
  0.0490
  0.0490
  0.0490
  0.0490
  0.0490
  0.0490
  0.0490
  0.0480
  0.0490
  0.0490
  0.0480
  0.0490
  0.0480
  0.0480
  0.0490
  0.0480
  0.0480
  0.0480
  0.0480
  0.0480
  0.0480
  0.0480
  0.0480
  0.0480
  0.0480
  0.0480
  0.0470
  0.0480
  0.0480
  0.0480
  0.0480
  0.0480
  0.0480
  0.0480
  0.0480
  0.0480
  0.0480
  0.0480
  0.0490
  0.0480
  0.0480
  0.0480
  0.0480
  0.0480
  0.0480
  0.0470
  0.0470
  0.0470
  0.0470
  0.0470
  0.0470
  0.0470
  0.0470
  0.0470
  0.0470
  0.0470
  0.0480
  0.0480
  0.0490
  0.0490
  0.0480
  0.0490
  0.0490
  0.0480
  0.0480
  0.0480
  0.0480
  0.0470
  0.0470
  0.0460
  0.0470
  0.0460
  0.0470
  0.0460
  0.0460
  0.0450
  0.0460
  0.0470
  0.0470
  0.0470
  0.0470
  0.0470
  0.0470
  0.0470
  0.0470
  0.0470
  0.0460
  0.0460
  0.0450
  0.0450
  0.0450
  0.0450
  0.0450
  0.0460
  0.0470
  0.0460
  0.0470
  0.0470
  0.0470
  0.0480
  0.0480
  0.0480
  0.0490
  0.0480
  0.0490
  0.0490
  0.0490
  0.0480
  0.0480
  0.0480
  0.0470
  0.0470
  0.0460
  0.0450
  0.0450
  0.0450
  0.0450
  0.0450
  0.0450
  0.0450
  0.0450
  0.0450
  0.0450
  0.0450
  0.0450
  0.0460
  0.0450
  0.0450
  0.0450
  0.0460
  0.0450
  0.0450
  0.0450
  0.0450
  0.0450
  0.0450
  0.0450
  0.0450
  0.0450
  0.0450
  0.0450
  0.0450
  0.0450
  0.0440
  0.0450
  0.0450
  0.0450
  0.0450
  0.0450
  0.0450
  0.0450
  0.0450
  0.0450
  0.0450
  0.0450
  0.0450
  0.0450
  0.0450
  0.0450
  0.0450
  0.0450
  0.0450
  0.0450
  0.0450
  0.0450
  0.0450
  0.0450
  0.0450
  0.0450
  0.0450
  0.0450
  0.0450
  0.0450
  0.0450
  0.0450
  0.0450
  0.0450
  0.0450
  0.0450
  0.0450
  0.0450
  0.0450
  0.0450
  0.0450
  0.0450
  0.0450
  0.0440
  0.0440
  0.0440
  0.0450
  0.0450
  0.0450
  0.0450
  0.0450
  0.0450
  0.0460
  0.0470
  0.0470
  0.0470
  0.0460
  0.0460
  0.0460
  0.0460
  0.0450
  0.0470
  0.0450
  0.0450
  0.0450
  0.0460
  0.0450
  0.0450
  0.0450
  0.0450
  0.0450
  0.0450
  0.0450
  0.0450
  0.0440
  0.0450
  0.0450
  0.0450
  0.0440
  0.0430
  0.0430
  0.0430
  0.0430
  0.0430
  0.0430
  0.0430
  0.0430
  0.0440
  0.0430
  0.0430
  0.0450
  0.0450
  0.0450
  0.0450
  0.0450
  0.0450
  0.0450
  0.0440
  0.0450
  0.0440
  0.0440
  0.0440
  0.0450
  0.0430
  0.0440
  0.0440
  0.0440
  0.0440
  0.0450
  0.0450
  0.0430
  0.0450
  0.0430
  0.0450
  0.0450
  0.0450
  0.0450
  0.0450
  0.0450
  0.0450
  0.0450
  0.0450
  0.0450
  0.0450
  0.0440
  0.0440
  0.0440
  0.0440
  0.0440
  0.0430
  0.0450
  0.0440
  0.0440
  0.0440
  0.0430
  0.0440
  0.0440
  0.0440
  0.0450
  0.0450
  0.0430
  0.0420
  0.0440
  0.0430
  0.0430
  0.0440
  0.0430
  0.0440
  0.0450
  0.0450
  0.0450
  0.0450
  0.0450
  0.0450
  0.0450
  0.0450
  0.0450
  0.0450
  0.0430
  0.0450
  0.0430
  0.0440
  0.0430
  0.0440
  0.0430
  0.0440
  0.0430
  0.0430
  0.0440
  0.0430
  0.0440
  0.0440
  0.0450
  0.0450
  0.0450
  0.0440
  0.0440
  0.0450
  0.0440
  0.0450
  0.0440
  0.0440
  0.0450
  0.0450
  0.0450
  0.0450
  0.0430
  0.0420
  0.0420
  0.0420
  0.0420
  0.0420
  0.0430
  0.0430
  0.0440
  0.0450
  0.0440
  0.0440
  0.0440
  0.0450
  0.0450
  0.0440
  0.0450
  0.0440
  0.0440
  0.0440
  0.0420
  0.0420
  0.0420
  0.0420
  0.0420
  0.0420
  0.0420
  0.0420
  0.0420
  0.0420
  0.0420
  0.0420
  0.0420
  0.0420
  0.0420
  0.0440
  0.0440
  0.0440
  0.0430
  0.0430
  0.0430
  0.0440
  0.0430
  0.0440
  0.0430
  0.0430
  0.0430
  0.0430
  0.0420
  0.0420
  0.0420
  0.0420
  0.0410
  0.0420
  0.0410
  0.0420
  0.0420
  0.0420
  0.0420
  0.0420
  0.0420
  0.0420
  0.0430
  0.0420
  0.0430
  0.0430
  0.0420
  0.0420
  0.0420
  0.0420
  0.0410
  0.0410
  0.0410
  0.0420
  0.0410
  0.0410
  0.0410
  0.0420
  0.0410
  0.0420
  0.0420
  0.0420
  0.0420
  0.0420
  0.0420
  0.0420
  0.0420
  0.0420
  0.0420
  0.0420
  0.0420
  0.0420
  0.0420
  0.0420
  0.0420
  0.0410
  0.0420
  0.0410
  0.0400
  0.0400
  0.0400
  0.0400
  0.0400
  0.0410
  0.0420
  0.0420
  0.0420
  0.0420
  0.0420
  0.0430
  0.0440
  0.0430
  0.0430
  0.0420
  0.0420
  0.0420
  0.0420
  0.0420
  0.0400
  0.0400
  0.0410
  0.0400
  0.0400
  0.0400
  0.0400
  0.0400
  0.0400
  0.0400
  0.0400
  0.0400
  0.0400
  0.0400
  0.0400
  0.0400
  0.0400
  0.0390
  0.0400
  0.0400
  0.0400
  0.0400
  0.0400
  0.0390
  0.0400
  0.0390
  0.0390
  0.0400
  0.0400
  0.0400
  0.0390
  0.0390
  0.0390
  0.0390
  0.0400
  0.0390
  0.0400
  0.0400
  0.0400
  0.0400
  0.0400
  0.0400
  0.0400
  0.0410
  0.0400
  0.0400
  0.0400
  0.0400
  0.0400
  0.0400
  0.0390
  0.0400
  0.0390
  0.0400
  0.0400
  0.0390
  0.0400
  0.0400
  0.0400
  0.0400
  0.0390
  0.0390
  0.0390
  0.0400
  0.0390
  0.0390
  0.0390
  0.0390
  0.0400
  0.0390
  0.0390
  0.0390
  0.0390
  0.0390
  0.0390
  0.0390
  0.0390
  0.0390
  0.0390
  0.0390
  0.0390
  0.0390
  0.0390
  0.0390
  0.0390
  0.0390
  0.0390
  0.0390
  0.0390
  0.0390
  0.0390
  0.0390
  0.0390
  0.0390
  0.0390
  0.0390
  0.0390
  0.0390
  0.0390
  0.0390
  0.0390
  0.0390
  0.0390
  0.0390
  0.0390
  0.0390
  0.0390
  0.0390
  0.0390
  0.0390
  0.0390
  0.0390
  0.0390
  0.0390
  0.0390
  0.0390
  0.0390
  0.0390
  0.0390
  0.0390
  0.0390
  0.0390
  0.0390
  0.0390
  0.0390
  0.0390
  0.0390
  0.0390
  0.0390
  0.0390
  0.0390
  0.0390
  0.0390
  0.0390
  0.0390
  0.0390
  0.0390
  0.0390
  0.0390
  0.0390
  0.0390
  0.0390
  0.0390
  0.0390
  0.0390
  0.0390
  0.0390
  0.0390
  0.0390
  0.0390
  0.0390
  0.0400
  0.0400
  0.0420
  0.0440
  0.0430
  0.0470
  0.0480
  0.0490
  0.0500
  0.0500
  0.0510
  0.0510
  0.1270
  0.2070
  0.2300
  0.2290
  0.2240
  0.2160
  0.2080
  0.2110
  0.2110
  0.2080
  0.2080
  0.2070
  0.2070
  0.2110
  0.1960
  0.1860
  0.1800
  0.1770
  0.1720
  0.1680
  0.1650
  0.1590
  0.1560
  0.1510
  0.1470
  0.1390
  0.1320
  0.1260
  0.1180
  0.1120
  0.1030
  0.0990
  0.0960
  0.0950
  0.0930
  0.0910
  0.0900
  0.0890
  0.0870
  0.0860
  0.0840
  0.0830
  0.0810
  0.0790
  0.0780
  0.0770
  0.0780
  0.0780
  0.0780
  0.0770
  0.0750
  0.0740
  0.0740
  0.0740
  0.0730
  0.0730
  0.0730
  0.0720
  0.0710
  0.0700
  0.0700
  0.0700
  0.0690
  0.0690
  0.0680
  0.0690
  0.0670
  0.0670
  0.0670
  0.0670
  0.0660
  0.0650
  0.0660
  0.0650
  0.0650
  0.0650
  0.0650
  0.0670
  0.0690
  0.0710
  0.0730
  0.0790
  0.0920
  0.1270
  0.1560
  0.1780
  0.2290
  0.5560
  0.8730
  0.9450
  0.9740
  0.9740
  0.9940
  1.0760
  1.1520
  1.1660
  1.1370
  1.0640
  0.9640
  0.8610
  0.8000
  0.7100
  0.6440
  0.5910
  0.5310
  0.4980
  0.4600
  0.4260
  0.4110
  0.3890
  0.3610
  0.3360
  0.3240
  0.3150
  0.3010
  0.2830
  0.2740
  0.2660
  0.2550
  0.2500
  0.2410
  0.2320
  0.2320
  0.2300
  0.2290
  0.2270
  0.2270
  0.2290
  0.2360
  0.2430
  0.2370
  0.2430
  0.2410
  0.2360
  0.2300
  0.2290
  0.2270
  0.2250
  0.2240
  0.2230
  0.2180
  0.2150
  0.2070
  0.2030
  0.2010
  0.2010
  0.2010
  0.2030
  0.2030
  0.2030
  0.2970
  0.9640
  1.4930
  1.6030
  1.6100
  1.5530
  1.4390
  1.3380
  1.2060
  1.1010
  0.9900
  0.8920
  0.8610
  0.7610
  0.7080
  0.6560
  0.6220
  0.5720
  0.5390
  0.5200
  0.4820
  0.4560
  0.4260
  0.4110
  0.3950
  0.3780
  0.3570
  0.3320
  0.3250
  0.3210
  0.3060
  0.2990
  0.2860
  0.2770
  0.2680
  0.2610
  0.2540
  0.2480
  0.2430
  0.2360
  0.2320
  0.2290
  0.2270
  0.2250
  0.2230
  0.2200
  0.2180
  0.2120
  0.2080
  0.2010
  0.1990
  0.2010
  0.2030
  0.2010
  0.2030
  0.2050
  0.2050
  0.2050
  0.2070
  0.2050
  0.2070
  0.2050
  0.1990
  0.1890
  0.1860
  0.1800
  0.1770
  0.1740
  0.1720
  0.1680
  0.1670
  0.1650
  0.1640
  0.1610
  0.1590
  0.1570
  0.1560
  0.1530
  0.1510
  0.1470
  0.1460
  0.1460
  0.1430
  0.1380
  0.1360
  0.1360
  0.1340
  0.1320
  0.1290
  0.1270
  0.1270
  0.1240
  0.1240
  0.1200
  0.1200
  0.1200
  0.1170
  0.1170
  0.1120
  0.1120
  0.1100
  0.1060
  0.1060
  0.1040
  0.1040
  0.1000
  0.1000
  0.0990
  0.0980
  0.0970
  0.0960
  0.0960
  0.0950
  0.0950
  0.0940
  0.0930
  0.0920
  0.0920
  0.0910
  0.0910
  0.0900
  0.0890
  0.0890
  0.0880
  0.0870
  0.0870
  0.0870
  0.0870
  0.0860
  0.0860
  0.0850
  0.0850
  0.0840
  0.0840
  0.0840
  0.0830
  0.0820
  0.0820
  0.0820
  0.0820
  0.0810
  0.0810
  0.0790
  0.0790
  0.0780
  0.0750
  0.0750
  0.0760
  0.0770
  0.0780
  0.0780
  0.0770
  0.0780
  0.0760
  0.0760
  0.0750
  0.0750
  0.0740
  0.0740
  0.0740
  0.0740
  0.0740
  0.0740
  0.0740
  0.0740
  0.0740
  0.0730
  0.0730
  0.0730
  0.0730
  0.0730
  0.0720
  0.0720
  0.0720
  0.0720
  0.0710
  0.0710
  0.0710
  0.0710
  0.0710
  0.0700
  0.0700
  0.0700
  0.0700
  0.0700
  0.0700
  0.0700
  0.0690
  0.0690
  0.0690
  0.0690
  0.0690
  0.0690
  0.0680
  0.0670
  0.0670
  0.0660
  0.0670
  0.0670
  0.0670
  0.0670
  0.0660
  0.0650
  0.0660
  0.0650
  0.0650
  0.0650
  0.0640
  0.0640
  0.0640
  0.0640
  0.0630
  0.0630
  0.0640
  0.0630
  0.0630
  0.0630
  0.0610
  0.0610
  0.0610
  0.0610
  0.0610
  0.0600
  0.0600
  0.0600
  0.0590
  0.0590
  0.0590
  0.0590
  0.0580
  0.0590
  0.0580
  0.0590
  0.0580
  0.0580
  0.0570
  0.0570
  0.0570
  0.0570
  0.0570
  0.0570
  0.0570
  0.0570
  0.0570
  0.0570
  0.0570
  0.0560
  0.0570
  0.0560
  0.0560
  0.0560
  0.0560
  0.0560
  0.0560
  0.0560
  0.0560
  0.0560
  0.0560
  0.0550
  0.0560
  0.0560
  0.0560
  0.0560
  0.0550
  0.0560
  0.0550
  0.0550
  0.0550
  0.0550
  0.0560
  0.0550
  0.0550
  0.0550
  0.0550
  0.0550
  0.0550
  0.0540
  0.0540
  0.0540
  0.0530
  0.0540
  0.0530
  0.0540
  0.0540
  0.0540
  0.0540
  0.0540
  0.0540
  0.0530
  0.0530
  0.0530
  0.0540
  0.0540
  0.0540
  0.0530
  0.0540
  0.0530
  0.0530
  0.0530
  0.0530
  0.0530
  0.0520
  0.0520
  0.0520
  0.0520
  0.0520
  0.0520
  0.0510
  0.0520
  0.0520
  0.0520
  0.0520
  0.0510
  0.0520
  0.0520
  0.0520
  0.0520
  0.0520
  0.0510
  0.0510
  0.0520
  0.0520
  0.0510
  0.0510
  0.0510
  0.0510
  0.0510
  0.0510
  0.0510
  0.0510
  0.0510
  0.0510
  0.0510
  0.0500
  0.0510
  0.0510
  0.0510
  0.0510
  0.0500
  0.0500
  0.0510
  0.0510
  0.0510
  0.0500
  0.0510
  0.0510
  0.0510
  0.0500
  0.0500
  0.0500
  0.0500
  0.0500
  0.0500
  0.0500
  0.0500
  0.0500
  0.0500
  0.0500
  0.0500
  0.0500
  0.0500
  0.0500
  0.0500
  0.0500
  0.0500
  0.0500
  0.0500
  0.0500
  0.0500
  0.0500
  0.0500
  0.0500
  0.0490
  0.0500
  0.0500
  0.0500
  0.0500
  0.0500
  0.0500
  0.0500
  0.0500
  0.0490
  0.0490
  0.0490
  0.0490
  0.0490
  0.0490
  0.0490
  0.0490
  0.0500
  0.0490
  0.0490
  0.0490
  0.0490
  0.0490
  0.0490
  0.0490
  0.0490
  0.0490
  0.0490
  0.0490
  0.0490
  0.0490
  0.0490
  0.0490
  0.0490
  0.0490
  0.0490
  0.0490
  0.0490
  0.0490
  0.0480
  0.0490
  0.0490
  0.0490
  0.0480
  0.0490
  0.0480
  0.0490
  0.0480
  0.0490
  0.0480
  0.0490
  0.0480
  0.0480
  0.0480
  0.0480
  0.0480
  0.0480
  0.0480
  0.0480
  0.0490
  0.0480
  0.0480
  0.0480
  0.0480
  0.0480
  0.0480
  0.0480
  0.0480
  0.0470
  0.0470
  0.0480
  0.0470
  0.0470
  0.0470
  0.0470
  0.0470
  0.0480
  0.0470
  0.0470
  0.0470
  0.0480
  0.0480
  0.0480
  0.0470
  0.0470
  0.0470
  0.0470
  0.0470
  0.0470
  0.0480
  0.0480
  0.0470
  0.0480
  0.0480
  0.0480
  0.0470
  0.0470
  0.0470
  0.0470
  0.0470
  0.0480
  0.0470
  0.0470
  0.0480
  0.0480
  0.0470
  0.0470
  0.0470
  0.0470
  0.0470
  0.0470
  0.0470
  0.0470
  0.0470
  0.0460
  0.0470
  0.0470
  0.0470
  0.0460
  0.0460
  0.0460
  0.0460
  0.0450
  0.0450
  0.0450
  0.0450
  0.0450
  0.0450
  0.0460
  0.0460
  0.0450
  0.0450
  0.0450
  0.0450
  0.0450
  0.0450
  0.0450
  0.0450
  0.0460
  0.0450
  0.0450
  0.0460
  0.0460
  0.0460
  0.0460
  0.0460
  0.0470
  0.0450
  0.0470
  0.0450
  0.0460
  0.0460
  0.0450
  0.0460
  0.0460
  0.0450
  0.0450
  0.0460
  0.0450
  0.0450
  0.0450
  0.0450
  0.0450
  0.0450
  0.0450
  0.0450
  0.0450
  0.0450
  0.0450
  0.0460
  0.0450
  0.0450
  0.0460
  0.0450
  0.0450
  0.0450
  0.0450
  0.0450
  0.0450
  0.0450
  0.0450
  0.0450
  0.0450
  0.0450
  0.0450
  0.0450
  0.0450
  0.0450
  0.0450
  0.0450
  0.0450
  0.0450
  0.0450
  0.0450
  0.0430
  0.0440
  0.0440
  0.0430
  0.0440
  0.0440
  0.0440
  0.0440
  0.0450
  0.0440
  0.0440
  0.0440
  0.0440
  0.0450
  0.0450
  0.0450
  0.0450
  0.0450
  0.0450
  0.0450
  0.0450
  0.0450
  0.0450
  0.0450
  0.0450
  0.0450
  0.0450
  0.0450
  0.0450
  0.0450
  0.0450
  0.0450
  0.0450
  0.0440
  0.0450
  0.0440
  0.0440
  0.0440
  0.0440
  0.0440
  0.0450
  0.0440
  0.0430
  0.0440
  0.0440
  0.0430
  0.0430
  0.0440
  0.0430
  0.0430
  0.0440
  0.0440
  0.0430
  0.0440
  0.0440
  0.0440
  0.0430
  0.0440
  0.0440
  0.0430
  0.0440
  0.0440
  0.0440
  0.0430
  0.0440
  0.0430
  0.0440
  0.0440
  0.0440
  0.0430
  0.0440
  0.0430
  0.0440
  0.0430
  0.0440
  0.0430
  0.0440
  0.0440
  0.0430
  0.0440
  0.0440
  0.0430
  0.0440
  0.0430
  0.0440
  0.0440
  0.0440
  0.0440
  0.0440
  0.0420
  0.0430
  0.0420
  0.0420
  0.0420
  0.0420
  0.0420
  0.0420
  0.0420
  0.0420
  0.0420
  0.0420
  0.0420
  0.0420
  0.0420
  0.0420
  0.0420
  0.0420
  0.0420
  0.0420
  0.0420
  0.0430
  0.0420
  0.0430
  0.0440
  0.0440
  0.0450
  0.0440
  0.0450
  0.0440
  0.0440
  0.0440
  0.0440
  0.0440
  0.0440
  0.0440
  0.0440
  0.0440
  0.0450
  0.0440
  0.0430
  0.0430
  0.0430
  0.0420
  0.0420
  0.0420
  0.0420
  0.0420
  0.0420
  0.0420
  0.0420
  0.0420
  0.0410
  0.0420
  0.0420
  0.0420
  0.0420
  0.0420
  0.0420
  0.0410
  0.0410
  0.0420
  0.0420
  0.0420
  0.0420
  0.0420
  0.0420
  0.0420
  0.0420
  0.0420
  0.0430
  0.0430
  0.0440
  0.0440
  0.0440
  0.0450
  0.0450
  0.0440
  0.0450
  0.0440
  0.0440
  0.0430
  0.0450
  0.0450
  0.0450
  0.0440
  0.0450
  0.0440
  0.0450
  0.0440
  0.0440
  0.0440
  0.0440
  0.0440
  0.0440
  0.0430
  0.0430
  0.0440
  0.0440
  0.0440
  0.0430
  0.0430
  0.0430
  0.0430
  0.0430
  0.0420
  0.0420
  0.0430
  0.0430
  0.0420
  0.0420
  0.0420
  0.0420
  0.0420
  0.0420
  0.0420
  0.0430
  0.0420
  0.0430
  0.0430
  0.0420
  0.0430
  0.0430
  0.0420
  0.0430
  0.0430
  0.0430
  0.0420
  0.0420
  0.0430
  0.0430
  0.0430
  0.0430
  0.0420
  0.0420
  0.0430
  0.0420
  0.0420
  0.0420
  0.0420
  0.0420
  0.0420
  0.0420
  0.0410
  0.0410
  0.0400
  0.0400
  0.0400
  0.0400
  0.0400
  0.0410
  0.0400
  0.0400
  0.0400
  0.0400
  0.0400
  0.0400
  0.0400
  0.0400
  0.0400
  0.0400
  0.0400
  0.0400
  0.0400
  0.0400
  0.0410
  0.0410
  0.0410
  0.0420
  0.0420
  0.0420
  0.0420
  0.0420
  0.0420
  0.0420
  0.0420
  0.0420
  0.0420
  0.0420
  0.0420
  0.0420
  0.0420
  0.0420
  0.0420
  0.0420
  0.0420
  0.0420
  0.0420
  0.0420
  0.0410
  0.0410
  0.0400
  0.0400
  0.0400
  0.0400
  0.0400
  0.0400
  0.0400
  0.0400
  0.0400
  0.0400
  0.0400
  0.0400
  0.0400
  0.0400
  0.0400
  0.0400
  0.0400
  0.0400
  0.0400
  0.0400
  0.0400
  0.0400
  0.0400
  0.0400
  0.0410
  0.0410
  0.0420
  0.0420
  0.0420
  0.0410
  0.0400
  0.0400
  0.0400
  0.0410
  0.0400
  0.0400
  0.0400
  0.0400
  0.0400
  0.0400
  0.0400
  0.0400
  0.0400
  0.0400
  0.0400
  0.0400
  0.0400
  0.0400
  0.0400
  0.0390
  0.0400
  0.0400
  0.0390
  0.0400
  0.0400
  0.0390
  0.0400
  0.0390
  0.0390
  0.0400
  0.0390
  0.0390
  0.0390
  0.0400
  0.0390
  0.0390
  0.0390
  0.0390
  0.0390
  0.0390
  0.0400
  0.0400
  0.0390
  0.0390
  0.0390
  0.0390
  0.0390
  0.0390
  0.0390
  0.0390
  0.0390
  0.0390
  0.0390
  0.0390
  0.0390
  0.0390
  0.0390
  0.0390
  0.0390
  0.0390
  0.0390
  0.0390
  0.0390
  0.0390
  0.0390
  0.0390
  0.0380
  0.0390
  0.0390
  0.0390
  0.0390
  0.0390
  0.0380
  0.0390
  0.0390
  0.0390
  0.0390
  0.0390
  0.0390
  0.0380
  0.0390
  0.0380
  0.0380
  0.0380
  0.0390
  0.0390
  0.0380
  0.0380
  0.0380
  0.0390
  0.0380
  0.0390
  0.0380
  0.0380
  0.0380
  0.0380
  0.0380
  0.0380
  0.0380
  0.0380
  0.0380
  0.0380
  0.0380
  0.0380
  0.0380
  0.0380
  0.0380
  0.0380
  0.0380
  0.0380
  0.0380
  0.0380
  0.0380
  0.0380
  0.0380
  0.0380
  0.0380
  0.0380
  0.0380
  0.0380
  0.0380
  0.0380
  0.0380
  0.0380
  0.0380
  0.0380
  0.0380
  0.0380
  0.0380
  0.0380
  0.0380
  0.0380
  0.0380
  0.0380
  0.0380
  0.0380
  0.0380
  0.0380
  0.0380
  0.0380
  0.0370
  0.0370
  0.0370
  0.0380
  0.0380
  0.0370
  0.0370
  0.0370
  0.0370
  0.0370
  0.0370
  0.0370
  0.0370
  0.0370
  0.0370
  0.0370
  0.0370
  0.0370
  0.0370
  0.0370
  0.0370
  0.0370
  0.0370
  0.0370
  0.0370
  0.0370
  0.0370
  0.0370
  0.0370
  0.0370
  0.0360
  0.0370
  0.0370
  0.0360
  0.0370
  0.0370
  0.0360
  0.0370
  0.0370
  0.0370
  0.0370
  0.0370
  0.0370
  0.0370
  0.0370
  0.0370
  0.0370
  0.0370
  0.0370
  0.0370
  0.0370
  0.0370
  0.0370
  0.0370
  0.0370
  0.0360
  0.0370
  0.0370
  0.0370
  0.0370
  0.0370
  0.0370
  0.0360
  0.0370
  0.0370
  0.0370
  0.0370
  0.0370
  0.0370
  0.0370
  0.0370
  0.0370
  0.0370
  0.0370
  0.0370
  0.0370
  0.0370
  0.0370
  0.0360
  0.0370
  0.0370
  0.0360
  0.0360
  0.0360
  0.0360
  0.0360
  0.0360
  0.0360
  0.0370
  0.0370
  0.0360
  0.0360
  0.0360
  0.0360
  0.0360
  0.0360
  0.0360
  0.0360
  0.0360
  0.0360
  0.0360
  0.0360
  0.0360
  0.0360
  0.0360
  0.0360
  0.0360
  0.0360
  0.0360
  0.0360
  0.0360
  0.0360
  0.0360
  0.0360
  0.0360
  0.0360
  0.0360
  0.0360
  0.0360
  0.0370
  0.0360
  0.0360
  0.0360
  0.0360
  0.0360
  0.0360
  0.0360
  0.0360
  0.0360
  0.0360
  0.0360
  0.0360
  0.0360
  0.0360
  0.0360
  0.0360
  0.0360
  0.0360
  0.0360
  0.0360
  0.0360
  0.0360
  0.0360
  0.0360
  0.0360
  0.0360
  0.0360
  0.0360
  0.0360
  0.0360
  0.0360
  0.0360
  0.0360
  0.0360
  0.0360
  0.0360
  0.0360
  0.0360
  0.0360
  0.0360
  0.0360
  0.0360
  0.0360
  0.0360
  0.0360
  0.0360
  0.0360
  0.0360
  0.0360
  0.0360
  0.0360
  0.0360
  0.0360
  0.0360
  0.0360
  0.0360
  0.0360
  0.0360
  0.0360
  0.0360
  0.0360
  0.0360
  0.0360
  0.0360
  0.0360
  0.0360
  0.0360
  0.0360
  0.0360
  0.0360
  0.0360
  0.0370
  0.0370
  0.0380
  0.0390
  0.0430
  0.0470
  0.0500
  0.0540
  0.0570
  0.0670
  0.0710
  0.0740
  0.0780
  0.0790
  0.0860
  0.0910
  0.2070
  0.3240
  0.3680
  0.3840
  0.3890
  0.3910
  0.3910
  0.4020
  0.4040
  0.4070
  0.4110
  0.4070
  0.4020
  0.3840
  0.3750
  0.3680
  0.3910
  0.4560
  0.5420
  0.6030
  0.6030
  0.5810
  0.5560
  0.5310
  0.5040
  0.5010
  0.4790
  0.4710
  0.4660
  0.4790
  0.5310
  0.6630
  0.8650
  1.1010
  1.2330
  1.3110
  1.3420
  1.3420
  1.3420
  1.3420
  1.3330
  1.2680
  1.1750
  1.1050
  1.0640
  1.1120
  1.1880
  1.4280
  1.9440
  2.4920
  3.1960
  4.1700
  5.0620
  5.6940
  6.6830
  8.2590
  9.9340
 11.1150
 13.3140
 15.0260
 17.0460
 20.8310
 22.6800
 25.6290
 27.4620
 29.6250
 31.5180
 29.6700
 31.2030
 30.3460
 28.7240
 28.0480
 27.0110
 25.5390
 23.6710
 22.5440
 22.0480
 21.4630
 21.5980
 20.6060
 20.5160
 18.7130
 17.4610
 16.9920
 15.9720
 14.6740
 13.8720
 12.5650
 11.4040
 10.1130
  9.4800
  8.5240
  8.2090
  7.9310
  7.8050
  7.4510
  7.4390
  7.2670
  6.9320
  6.8130
  6.4340
  6.2180
  5.9190
  5.6300
  5.3510
  5.0900
  4.7200
  4.4040
  4.0260
  3.7710
  3.4930
  3.3570
  3.0340
  2.8100
  2.6900
  2.5910
  2.4830
  2.3840
  2.2950
  2.1690
  2.0830
  1.9890
  1.9010
  1.8430
  1.7930
  1.7350
  1.6650
  1.6210
  1.5850
  1.5380
  1.4930
  1.4390
  1.4010
  1.3560
  1.3060
  1.2680
  1.2290
  1.1840
  1.1450
  1.1190
  1.1010
  1.0640
  1.0320
  1.0080
  0.9830
  0.9450
  0.9140
  0.8850
  0.8360
  0.8450
  0.8450
  0.8280
  0.7800
  0.7580
  0.7320
  0.7130
  0.6990
  0.6910
  0.6770
  0.6630
  0.6460
  0.6350
  0.6250
  0.6160
  0.6060
  0.6000
  0.5810
  0.5690
  0.5620
  0.5560
  0.5390
  0.5360
  0.5200
  0.5170
  0.5090
  0.5040
  0.5040
  0.5040
  0.5040
  0.5040
  0.5040
  0.5090
  0.5230
  0.5360
  0.5470
  0.5560
  0.5500
  0.5560
  0.5560
  0.5500
  0.5470
  0.5390
  0.5280
  0.5230
  0.5120
  0.5090
  0.5040
  0.5040
  0.4980
  0.4850
  0.4790
  0.4710
  0.4740
  0.4710
  0.4900
  0.5200
  0.6060
  0.7080
  0.8280
  0.8320
  0.8320
  0.8320
  0.8280
  0.8280
  0.8280
  0.8320
  0.7890
  0.7610
  0.7470
  0.7210
  0.7100
  0.6990
  0.6810
  0.6670
  0.6520
  0.6440
  0.6330
  0.6220
  0.6160
  0.6060
  0.5940
  0.5810
  0.5780
  0.5690
  0.5500
  0.5470
  0.5420
  0.5280
  0.5170
  0.5120
  0.5010
  0.5010
  0.4980
  0.4900
  0.4740
  0.4660
  0.4600
  0.4490
  0.4490
  0.4400
  0.4340
  0.4340
  0.4320
  0.4300
  0.4260
  0.4260
  0.4250
  0.4250
  0.4250
  0.4260
  0.4300
  0.4320
  0.4340
  0.4340
  0.4400
  0.4380
  0.4400
  0.4400
  0.4400
  0.4470
  0.4470
  0.4470
  0.4470
  0.4470
  0.4450
  0.4400
  0.4380
  0.4380
  0.4340
  0.4320
  0.4300
  0.4250
  0.4250
  0.4190
  0.4140
  0.4070
  0.3980
  0.3980
  0.3950
  0.3910
  0.3910
  0.3910
  0.3840
  0.3820
  0.3820
  0.3710
  0.3710
  0.3610
  0.3540
  0.3430
  0.3360
  0.3320
  0.3300
  0.3280
  0.3250
  0.3240
  0.3230
  0.3220
  0.3220
  0.3150
  0.3170
  0.3130
  0.3060
  0.3060
  0.2970
  0.2970
  0.2920
  0.2900
  0.2860
  0.2860
  0.2830
  0.2830
  0.2770
  0.2770
  0.2740
  0.2680
  0.2700
  0.2700
  0.2660
  0.2660
  0.2610
  0.2570
  0.2550
  0.2550
  0.2540
  0.2500
  0.2500
  0.2480
  0.2450
  0.2430
  0.2410
  0.2410
  0.2370
  0.2370
  0.2320
  0.2320
  0.2300
  0.2270
  0.2260
  0.2260
  0.2260
  0.2230
  0.2210
  0.2210
  0.2180
  0.2180
  0.2180
  0.2120
  0.2110
  0.2120
  0.2080
  0.2070
  0.2030
  0.1970
  0.1930
  0.1960
  0.1930
  0.1960
  0.1930
  0.1930
  0.1960
  0.1930
  0.1960
  0.1960
  0.1960
  0.1930
  0.1960
  0.1970
  0.1960
  0.1930
  0.1970
  0.1970
  0.1930
  0.1930
  0.1930
  0.1920
  0.1930
  0.1920
  0.1930
  0.1920
  0.1890
  0.1920
  0.1920
  0.1920
  0.1890
  0.1930
  0.1920
  0.1920
  0.1930
  0.1920
  0.1920
  0.1920
  0.1930
  0.1930
  0.1930
  0.1890
  0.1890
  0.1890
  0.1880
  0.1860
  0.1800
  0.1770
  0.1770
  0.1740
  0.1740
  0.1720
  0.1710
  0.1710
  0.1700
  0.1710
  0.1680
  0.1680
  0.1650
  0.1650
  0.1650
  0.1650
  0.1640
  0.1640
  0.1620
  0.1620
  0.1610
  0.1590
  0.1590
  0.1570
  0.1590
  0.1570
  0.1570
  0.1560
  0.1560
  0.1560
  0.1560
  0.1560
  0.1560
  0.1560
  0.1580
  0.1580
  0.1590
  0.1590
  0.1620
  0.1650
  0.1710
  0.1890
  0.1890
  0.1890
  0.1880
  0.1890
  0.1970
  0.2110
  0.2150
  0.2230
  0.2320
  0.2450
  0.2700
  0.3080
  0.3230
  0.3250
  0.3280
  0.3270
  0.3270
  0.3270
  0.3240
  0.3230
  0.3220
  0.3220
  0.3170
  0.3150
  0.3060
  0.3060
  0.3010
  0.2990
  0.2970
  0.2900
  0.2900
  0.2810
  0.2810
  0.2830
  0.2770
  0.2740
  0.2740
  0.2770
  0.2810
  0.2810
  0.2900
  0.3080
  0.3250
  0.3680
  0.3840
  0.4040
  0.4490
  0.5120
  0.5780
  0.6330
  0.6990
  0.7890
  0.8160
  0.9830
  1.1450
  1.3740
  1.5530
  1.7130
  1.8360
  1.9330
  1.9890
  2.0390
  2.0640
  2.0640
  2.0530
  2.0390
  2.0070
  1.9790
  1.9390
  1.9010
  1.8720
  1.8610
  1.8470
  1.8610
  1.9010
  1.9820
  2.0960
  2.2540
  2.4290
  2.6830
  2.9550
  3.3640
  3.7770
  4.2150
  4.5940
  4.8730
  5.0900
  5.1980
  5.2160
  5.0900
  4.9270
  4.6840
  4.4310
  4.0800
  3.8020
  3.4220
  3.3570
  2.9790
  2.7940
  2.6830
  2.5690
  2.4330
  2.3340
  2.2360
  2.1460
  2.0790
  2.0070
  1.9530
  1.8760
  1.8180
  1.7670
  1.7260
  1.6570
  1.6100
  1.5710
  1.5350
  1.4770
  1.4280
  1.4060
  1.3420
  1.2890
  1.2380
  1.1970
  1.1570
  1.1300
  1.1050
  1.0760
  1.0320
  1.0010
  0.9640
  0.9250
  0.9000
  0.8650
  0.8280
  0.8320
  0.8320
  0.8280
  0.8000
  0.7670
  0.7430
  0.7210
  0.7100
  0.6940
  0.6880
  0.6670
  0.6560
  0.6410
  0.6330
  0.6220
  0.6160
  0.6000
  0.5940
  0.5810
  0.5720
  0.5560
  0.5470
  0.5390
  0.5310
  0.5170
  0.5090
  0.5090
  0.5090
  0.4930
  0.4850
  0.4710
  0.4710
  0.4660
  0.4600
  0.4540
  0.4450
  0.4380
  0.4340
  0.4300
  0.4210
  0.4170
  0.4140
  0.4040
  0.4040
  0.4020
  0.3950
  0.3890
  0.3890
  0.3870
  0.3820
  0.3760
  0.3710
  0.3610
  0.3570
  0.3570
  0.3470
  0.3360
  0.3360
  0.3280
  0.3270
  0.3250
  0.3240
  0.3230
  0.3220
  0.3210
  0.3170
  0.3130
  0.3060
  0.3060
  0.3010
  0.2990
  0.2970
  0.2990
  0.2990
  0.2970
  0.2860
  0.2900
  0.2900
  0.2860
  0.2830
  0.2810
  0.2770
  0.2740
  0.2700
  0.2680
  0.2660
  0.2680
  0.2680
  0.2630
  0.2610
  0.2610
  0.2570
  0.2550
  0.2550
  0.2550
  0.2500
  0.2480
  0.2450
  0.2430
  0.2430
  0.2410
  0.2370
  0.2360
  0.2320
  0.2300
  0.2290
  0.2300
  0.2290
  0.2270
  0.2260
  0.2250
  0.2240
  0.2240
  0.2230
  0.2210
  0.2200
  0.2180
  0.2160
  0.2160
  0.2150
  0.2120
  0.2110
  0.2080
  0.2050
  0.1990
  0.1970
  0.1960
  0.1970
  0.1970
  0.1970
  0.1930
  0.1960
  0.1960
  0.1960
  0.1930
  0.1930
  0.1920
  0.1930
  0.1920
  0.1930
  0.1930
  0.1930
  0.1920
  0.1930
  0.1920
  0.1920
  0.1920
  0.1920
  0.1920
  0.1920
  0.1890
  0.1920
  0.1920
  0.1890
  0.1920
  0.1890
  0.1920
  0.1920
  0.1920
  0.1930
  0.1930
  0.1920
  0.1920
  0.1920
  0.1890
  0.1930
  0.1920
  0.1890
  0.1920
  0.1920
  0.1930
  0.1930
  0.1930
  0.1920
  0.1920
  0.1930
  0.1930
  0.1930
  0.2680
  0.4470
  0.5940
  0.6410
  0.6440
  0.6350
  0.6250
  0.6030
  0.5940
  0.5720
  0.5560
  0.5390
  0.5230
  0.5090
  0.4980
  0.4790
  0.4790
  0.4630
  0.4540
  0.4490
  0.4400
  0.4340
  0.4300
  0.4210
  0.4170
  0.4110
  0.4040
  0.3950
  0.3890
  0.3840
  0.3820
  0.3750
  0.3760
  0.3570
  0.3680
  0.3540
  0.3540
  0.3540
  0.3470
  0.3300
  0.3300
  0.3270
  0.3240
  0.3210
  0.3240
  0.3210
  0.3170
  0.3170
  0.3080
  0.3060
  0.3010
  0.2990
  0.2920
  0.2920
  0.2860
  0.2830
  0.2810
  0.2770
  0.2770
  0.2740
  0.2770
  0.2700
  0.2680
  0.2660
  0.2610
  0.2630
  0.2570
  0.2550
  0.2540
  0.2500
  0.2500
  0.2500
  0.2480
  0.2480
  0.2430
  0.2430
  0.2370
  0.2410
  0.2360
  0.2320
  0.2300
  0.2290
  0.2260
  0.2250
  0.2250
  0.2260
  0.2240
  0.2250
  0.2240
  0.2230
  0.2230
  0.2210
  0.2210
  0.2200
  0.2200
  0.2200
  0.2180
  0.2180
  0.2200
  0.2180
  0.2150
  0.2120
  0.2080
  0.2080
  0.2080
  0.2030
  0.2030
  0.1960
  0.1960
  0.1930
  0.1930
  0.1920
  0.1960
  0.1930
  0.1960
  0.1930
  0.1920
  0.1930
  0.1920
  0.1930
  0.1920
  0.1930
  0.1930
  0.1930
  0.1930
  0.1930
  0.1930
  0.1960
  0.1970
  0.1990
  0.1990
  0.1880
  0.1880
  0.1860
  0.1840
  0.1840
  0.1820
  0.1820
  0.1820
  0.1820
  0.1780
  0.1800
  0.1800
  0.1800
  0.1780
  0.1750
  0.1770
  0.1740
  0.1740
  0.1740
  0.1740
  0.1740
  0.1700
  0.1680
  0.1680
  0.1650
  0.1680
  0.1680
  0.1670
  0.1670
  0.1670
  0.1670
  0.1670
  0.1670
  0.1650
  0.1650
  0.1650
  0.1620
  0.1650
  0.1640
  0.1640
  0.1610
  0.1610
  0.1620
  0.1590
  0.1610
  0.1580
  0.1580
  0.1590
  0.1590
  0.1610
  0.1610
  0.1620
  0.1620
  0.1620
  0.1640
  0.1620
  0.1640
  0.1620
  0.1640
  0.1640
  0.1620
  0.1640
  0.1620
  0.1610
  0.1620
  0.1590
  0.1590
  0.1580
  0.1590
  0.1580
  0.1570
  0.1580
  0.1560
  0.1560
  0.1530
  0.1550
  0.1530
  0.1520
  0.1510
  0.1490
  0.1490
  0.1480
  0.1470
  0.1470
  0.1450
  0.1460
  0.1450
  0.1450
  0.1430
  0.1430
  0.1450
  0.1400
  0.1420
  0.1390
  0.1390
  0.1380
  0.1390
  0.1370
  0.1400
  0.1380
  0.1380
  0.1390
  0.1390
  0.1380
  0.1390
  0.1380
  0.1390
  0.1380
  0.1390
  0.1390
  0.1380
  0.1400
  0.1390
  0.1390
  0.1390
  0.1370
  0.1370
  0.1370
  0.1360
  0.1360
  0.1340
  0.1340
  0.1360
  0.1340
  0.1360
  0.1340
  0.1330
  0.1340
  0.1340
  0.1330
  0.1330
  0.1320
  0.1330
  0.1320
  0.1300
  0.1320
  0.1300
  0.1290
  0.1280
  0.1270
  0.1270
  0.1240
  0.1240
  0.1230
  0.1210
  0.1200
  0.1200
  0.1200
  0.1200
  0.1200
  0.1200
  0.1200
  0.1180
  0.1200
  0.1180
  0.1180
  0.1170
  0.1170
  0.1170
  0.1150
  0.1170
  0.1150
  0.1140
  0.1170
  0.1140
  0.1140
  0.1140
  0.1100
  0.1120
  0.1120
  0.1100
  0.1100
  0.1100
  0.1100
  0.1080
  0.1060
  0.1060
  0.1040
  0.1030
  0.1040
  0.1030
  0.1000
  0.1030
  0.1000
  0.1000
  0.1000
  0.0980
  0.0980
  0.0980
  0.0960
  0.0970
  0.0980
  0.0970
  0.0970
  0.0970
  0.0970
  0.0970
  0.0960
  0.0970
  0.0970
  0.0970
  0.0960
  0.0960
  0.0960
  0.0960
  0.0960
  0.0950
  0.0960
  0.0960
  0.0960
  0.0960
  0.0950
  0.0950
  0.0950
  0.0950
  0.0950
  0.0940
  0.0940
  0.0950
  0.0950
  0.0950
  0.0950
  0.0950
  0.0940
  0.0950
  0.0950
  0.0950
  0.0940
  0.0940
  0.0930
  0.0920
  0.0920
  0.0920
  0.0920
  0.0920
  0.0920
  0.0910
  0.0920
  0.0920
  0.0920
  0.0920
  0.0920
  0.0920
  0.0920
  0.0920
  0.0920
  0.0930
  0.0930
  0.0930
  0.0930
  0.0920
  0.0930
  0.0930
  0.0930
  0.0920
  0.0930
  0.0920
  0.0920
  0.0920
  0.0920
  0.0920
  0.0920
  0.0920
  0.0910
  0.0920
  0.0910
  0.0910
  0.0910
  0.0910
  0.0910
  0.0900
  0.0910
  0.0910
  0.0910
  0.0910
  0.0900
  0.0910
  0.0900
  0.0900
  0.0900
  0.0890
  0.0890
  0.0890
  0.0880
  0.0880
  0.0870
  0.0870
  0.0860
  0.0860
  0.0860
  0.0860
  0.0860
  0.0860
  0.0860
  0.0860
  0.0860
  0.0850
  0.0850
  0.0850
  0.0860
  0.0860
  0.0850
  0.0860
  0.0840
  0.0850
  0.0840
  0.0840
  0.0850
  0.0850
  0.0840
  0.0830
  0.0830
  0.0830
  0.0840
  0.0840
  0.0830
  0.0840
  0.0840
  0.0820
  0.0820
  0.0820
  0.0820
  0.0810
  0.0820
  0.0820
  0.0810
  0.0820
  0.0810
  0.0810
  0.0810
  0.0790
  0.0800
  0.0790
  0.0790
  0.0780
  0.0760
  0.0750
  0.0750
  0.0750
  0.0750
  0.0750
  0.0750
  0.0760
  0.0750
  0.0760
  0.0750
  0.0760
  0.0760
  0.0760
  0.0750
  0.0760
  0.0750
  0.0760
  0.0750
  0.0760
  0.0750
  0.0750
  0.0750
  0.0750
  0.0740
  0.0740
  0.0740
  0.0740
  0.0740
  0.0740
  0.0740
  0.0740
  0.0740
  0.0740
  0.0740
  0.0740
  0.0740
  0.0740
  0.0740
  0.0740
  0.0740
  0.0740
  0.0740
  0.0740
  0.0740
  0.0740
  0.0740
  0.0740
  0.0740
  0.0740
  0.0740
  0.0740
  0.0740
  0.0740
  0.0740
  0.0740
  0.0740
  0.0740
  0.0740
  0.0750
  0.0750
  0.0740
  0.0740
  0.0740
  0.0740
  0.0740
  0.0740
  0.0740
  0.0740
  0.0740
  0.0740
  0.0740
  0.0740
  0.0740
  0.0740
  0.0740
  0.0740
  0.0740
  0.0740
  0.0740
  0.0730
  0.0730
  0.0730
  0.0730
  0.0730
  0.0730
  0.0730
  0.0740
  0.0740
  0.0740
  0.0740
  0.0730
  0.0730
  0.0730
  0.0730
  0.0740
  0.0740
  0.0740
  0.0740
  0.0740
  0.0740
  0.0740
  0.0740
  0.0740
  0.0740
  0.0740
  0.0740
  0.0740
  0.0740
  0.0740
  0.0740
  0.0740
  0.0740
  0.0740
  0.0740
  0.0740
  0.0740
  0.0740
  0.0740
  0.0740
  0.0740
  0.0740
  0.0740
  0.0740
  0.0740
  0.0740
  0.0740
  0.0740
  0.0740
  0.0740
  0.0740
  0.0740
  0.0740
  0.0750
  0.0780
  0.0870
  0.1080
  0.1920
  0.4110
  0.6220
  0.9000
  1.5780
  2.0960
  2.4420
  2.6680
  2.7680
  2.7830
  2.7250
  2.6050
  2.4610
  2.3170
  2.1370
  1.9940
  1.8610
  1.7440
  1.6360
  1.5270
  1.4280
  1.3560
  1.2520
  1.1880
  1.1300
  1.0800
  1.0280
  0.9830
  0.9250
  0.8920
  0.8450
  0.8000
  0.8040
  0.8040
  0.8000
  0.8000
  0.8000
  0.8000
  0.8920
  1.0080
  1.1120
  1.1840
  1.2520
  1.2840
  1.3110
  1.3110
  1.3000
  1.2680
  1.2470
  1.2150
  1.1840
  1.1410
  1.1010
  1.0870
  1.0370
  1.0080
  0.9830
  0.9450
  0.9180
  0.9000
  0.8650
  0.8320
  0.7930
  0.8000
  0.7890
  0.7930
  0.7890
  0.7930
  0.7930
  0.7930
  0.8000
  0.7930
  0.8000
  0.7930
  0.7930
  0.8280
  0.8570
  0.8890
  0.9590
  1.0160
  1.0760
  1.1010
  1.1050
  1.1190
  1.1370
  1.1520
  1.1880
  1.2680
  1.3650
  1.4980
  1.5740
  1.6400
  1.6810
  1.6850
  1.6810
  1.6690
  1.6250
  1.5890
  1.5640
  1.5270
  1.4980
  1.4550
  1.4250
  1.3740
  1.3560
  1.3200
  1.2840
  1.2470
  1.2150
  1.1750
  1.1450
  1.1300
  1.1010
  1.0900
  1.0640
  1.0600
  1.0320
  1.0190
  1.0080
  0.9940
  0.9790
  0.9500
  0.9300
  0.9250
  0.9100
  0.8920
  0.8890
  0.8730
  0.8610
  0.8490
  0.8320
  0.8320
  0.8040
  0.7930
  0.8000
  0.7930
  0.8000
  0.8000
  0.8000
  0.8000
  0.7930
  0.7930
  0.7930
  0.7890
  0.7890
  0.7670
  0.7540
  0.7360
  0.7210
  0.7180
  0.7100
  0.7100
  0.7020
  0.6990
  0.6940
  0.6880
  0.6810
  0.6810
  0.6770
  0.6770
  0.6810
  0.6810
  0.6880
  0.6910
  0.6990
  0.7130
  0.7320
  0.7580
  0.8000
  0.8000
  0.8000
  0.8000
  0.8000
  0.8280
  0.8450
  0.8490
  0.8610
  0.8570
  0.8650
  0.8610
  0.8650
  0.8610
  0.8610
  0.8570
  0.8570
  0.8490
  0.8490
  0.8450
  0.8360
  0.8280
  0.8200
  0.8160
  0.8000
  0.8000
  0.8000
  0.7930
  0.8000
  0.8000
  0.7930
  0.8000
  0.7930
  0.8000
  0.8000
  0.8000
  0.8000
  0.8000
  0.8000
  0.8000
  0.8000
  0.7930
  0.8000
  0.8000
  0.8490
  0.8770
  0.9140
  0.9450
  0.9830
  1.0080
  1.0320
  1.0600
  1.0760
  1.0900
  1.0940
  1.0900
  1.1010
  1.0940
  1.0870
  1.0900
  1.0760
  1.0690
  1.0600
  1.0370
  1.0280
  1.0160
  1.0010
  0.9830
  0.9640
  0.9590
  0.9400
  0.9180
  0.9140
  0.9030
  0.8850
  0.8730
  0.8450
  0.8200
  0.7930
  0.7930
  0.8000
  0.8000
  0.8000
  0.8040
  0.8040
  0.8000
  0.7670
  0.7580
  0.7670
  0.7830
  0.8000
  0.8080
  0.8080
  0.8770
  0.9300
  1.0190
  1.0760
  1.1120
  1.1570
  1.1750
  1.1970
  1.2060
  1.1970
  1.2020
  1.2020
  1.1840
  1.1660
  1.1520
  1.1300
  1.1120
  1.1010
  1.0800
  1.0640
  1.0460
  1.0280
  1.0160
  1.0050
  0.9940
  0.9640
  0.9590
  0.9450
  0.9300
  0.9250
  0.9180
  0.9100
  0.9000
  0.8920
  0.8890
  0.8850
  0.8730
  0.8650
  0.8650
  0.8650
  0.8610
  0.8610
  0.8770
  0.9030
  0.9400
  1.0050
  1.0640
  1.1190
  1.1750
  1.2330
  1.2840
  1.3420
  1.3830
  1.3880
  1.4060
  1.4140
  1.4010
  1.3880
  1.3700
  1.3700
  1.3380
  1.3200
  1.2890
  1.2380
  1.2290
  1.1970
  1.1750
  1.1520
  1.1300
  1.1120
  1.0900
  1.0800
  1.0500
  1.0320
  1.0190
  1.0050
  0.9900
  0.9790
  0.9640
  0.9590
  0.9590
  0.9400
  0.9400
  0.9250
  0.9300
  0.9180
  0.9180
  0.9030
  0.9100
  0.8920
  0.8920
  0.8770
  0.8850
  0.8730
  0.8770
  0.8890
  0.9100
  0.9300
  0.9500
  0.9790
  0.9940
  1.0080
  1.0320
  1.0460
  1.0500
  1.0600
  1.0460
  1.0320
  1.0280
  1.0080
  1.0010
  0.9830
  0.9590
  0.9300
  0.9140
  0.9000
  0.8730
  0.8450
  0.8080
  0.8080
  0.8000
  0.8040
  0.8040
  0.8080
  0.7890
  0.7470
  0.7320
  0.7130
  0.7020
  0.6880
  0.6770
  0.6630
  0.6520
  0.6410
  0.6330
  0.6250
  0.6130
  0.6060
  0.6030
  0.5940
  0.5840
  0.5780
  0.5720
  0.5720
  0.5690
  0.5620
  0.5620
  0.5720
  0.5720
  0.5780
  0.5720
  0.5780
  0.5720
  0.5690
  0.5500
  0.5500
  0.5420
  0.5390
  0.5310
  0.5280
  0.5200
  0.5120
  0.5010
  0.4900
  0.4820
  0.4740
  0.4740
  0.4740
  0.4630
  0.4560
  0.4490
  0.4450
  0.4380
  0.4320
  0.4300
  0.4260
  0.4190
  0.4140
  0.4070
  0.3980
  0.3910
  0.3870
  0.3870
  0.3890
  0.3870
  0.3870
  0.3840
  0.3870
  0.3710
  0.3680
  0.3710
  0.3680
  0.3680
  0.3610
  0.3570
  0.3540
  0.3540
  0.3540
  0.3570
  0.3570
  0.3570
  0.3570
  0.3540
  0.3540
  0.3360
  0.3360
  0.3300
  0.3300
  0.3270
  0.3270
  0.3250
  0.3230
  0.3220
  0.3210
  0.3170
  0.3150
  0.3130
  0.3060
  0.3080
  0.3010
  0.2970
  0.2970
  0.2970
  0.2900
  0.2860
  0.2860
  0.2830
  0.2810
  0.2810
  0.2810
  0.2810
  0.2740
  0.2680
  0.2680
  0.2660
  0.2680
  0.2660
  0.2660
  0.2610
  0.2630
  0.2630
  0.2660
  0.2630
  0.2570
  0.2570
  0.2550
  0.2550
  0.2550
  0.2540
  0.2550
  0.2540
  0.2500
  0.2480
  0.2480
  0.2480
  0.2450
  0.2450
  0.2450
  0.2450
  0.2410
  0.2410
  0.2410
  0.2410
  0.2370
  0.2320
  0.2360
  0.2320
  0.2320
  0.2320
  0.2270
  0.2270
  0.2290
  0.2250
  0.2260
  0.2250
  0.2240
  0.2240
  0.2240
  0.2230
  0.2210
  0.2230
  0.2210
  0.2180
  0.2180
  0.2200
  0.2180
  0.2180
  0.2160
  0.2150
  0.2160
  0.2120
  0.2150
  0.2150
  0.2150
  0.2150
  0.2120
  0.2150
  0.2150
  0.2110
  0.2080
  0.2080
  0.2070
  0.2050
  0.2050
  0.2050
  0.2030
  0.2010
  0.1970
  0.1970
  0.1960
  0.1960
  0.1930
  0.1880
  0.1860
  0.1860
  0.1840
  0.1860
  0.1860
  0.1860
  0.1880
  0.1890
  0.1920
  0.1890
  0.1920
  0.1920
  0.1930
  0.1930
  0.1930
  0.1960
  0.1920
  0.1930
  0.1960
  0.1960
  0.1960
  0.1960
  0.1930
  0.1960
  0.1920
  0.1930
  0.1920
  0.1930
  0.1920
  0.1890
  0.1920
  0.1920
  0.1880
  0.1890
  0.1890
  0.1890
  0.1880
  0.1880
  0.1880
  0.1880
  0.1880
  0.1860
  0.1880
  0.1840
  0.1800
  0.1750
  0.1740
  0.1710
  0.1710
  0.1710
  0.1710
  0.1710
  0.1710
  0.1680
  0.1670
  0.1680
  0.1670
  0.1650
  0.1650
  0.1650
  0.1640
  0.1650
  0.1640
  0.1640
  0.1620
  0.1640
  0.1620
  0.1610
  0.1640
  0.1640
  0.1620
  0.1640
  0.1610
  0.1610
  0.1610
  0.1610
  0.1610
  0.1620
  0.1620
  0.1620
  0.1620
  0.1620
  0.1580
  0.1590
  0.1580
  0.1580
  0.1580
  0.1570
  0.1570
  0.1560
  0.1560
  0.1550
  0.1530
  0.1520
  0.1530
  0.1530
  0.1520
  0.1510
  0.1520
  0.1520
  0.1480
  0.1470
  0.1470
  0.1450
  0.1430
  0.1420
  0.1450
  0.1430
  0.1420
  0.1420
  0.1400
  0.1420
  0.1420
  0.1420
  0.1420
  0.1400
  0.1420
  0.1420
  0.1420
  0.1400
  0.1400
  0.1400
  0.1420
  0.1400
  0.1400
  0.1420
  0.1400
  0.1400
  0.1400
  0.1400
  0.1390
  0.1390
  0.1400
  0.1400
  0.1390
  0.1390
  0.1380
  0.1390
  0.1380
  0.1370
  0.1370
  0.1370
  0.1370
  0.1340
  0.1360
  0.1360
  0.1340
  0.1360
  0.1360
  0.1340
  0.1340
  0.1340
  0.1340
  0.1340
  0.1340
  0.1340
  0.1340
  0.1340
  0.1340
  0.1360
  0.1340
  0.1360
  0.1340
  0.1340
  0.1340
  0.1340
  0.1340
  0.1340
  0.1340
  0.1330
  0.1340
  0.1340
  0.1330
  0.1340
  0.1330
  0.1340
  0.1320
  0.1340
  0.1340
  0.1320
  0.1320
  0.1320
  0.1320
  0.1290
  0.1290
  0.1290
  0.1290
  0.1270
  0.1270
  0.1270
  0.1260
  0.1270
  0.1260
  0.1260
  0.1240
  0.1270
  0.1260
  0.1260
  0.1260
  0.1270
  0.1260
  0.1270
  0.1270
  0.1270
  0.1270
  0.1270
  0.1270
  0.1270
  0.1260
  0.1240
  0.1260
  0.1240
  0.1270
  0.1240
  0.1260
  0.1270
  0.1330
  0.1480
  0.1590
  0.1750
  0.1930
  0.1920
  0.1930
  0.1930
  0.1970
  0.2080
  0.2150
  0.2210
  0.2290
  0.2500
  0.2990
  0.3320
  0.3820
  0.4260
  0.5500
  0.8200
  1.1010
  1.2840
  1.3740
  1.3880
  1.3830
  1.3380
  1.3200
  1.3830
  1.5490
  1.8610
  2.2360
  2.6180
  2.9870
  3.4220
  3.8590
  4.1250
  4.3770
  4.4950
  4.5580
  4.5490
  4.4220
  4.2150
  4.0170
  3.7710
  3.4150
  3.3410
  2.9630
  2.7830
  2.6360
  2.4740
  2.3520
  2.2320
  2.1370
  2.0430
  1.9680
  1.8760
  1.8070
  1.7350
  1.6770
  1.6210
  1.5710
  1.5270
  1.4600
  1.4280
  1.3880
  1.3420
  1.2890
  1.2520
  1.2020
  1.1700
  1.1270
  1.1050
  1.0760
  1.0460
  1.0190
  0.9940
  0.9740
  0.9590
  0.9450
  0.9590
  1.0050
  1.1010
  1.2020
  1.3200
  1.3830
  1.4060
  1.4320
  1.4170
  1.4140
  1.4060
  1.4010
  1.4060
  1.4170
  1.4390
  1.4600
  1.4980
  1.5090
  1.5200
  1.5090
  1.4930
  1.4550
  1.4390
  1.4140
  1.3740
  1.3650
  1.3200
  1.2890
  1.2680
  1.2290
  1.2020
  1.1660
  1.1410
  1.1190
  1.1050
  1.0800
  1.0640
  1.0320
  1.0080
  0.9940
  0.9790
  0.9500
  0.9300
  0.9100
  0.8890
  0.8770
  0.8450
  0.8280
  0.8080
  0.8080
  0.8160
  0.8160
  0.8080
  0.8080
  0.7670
  0.7470
  0.7320
  0.7130
  0.7080
  0.6990
  0.6910
  0.6810
  0.6700
  0.6630
  0.6560
  0.6440
  0.6330
  0.6330
  0.6220
  0.6130
  0.6030
  0.6000
  0.5940
  0.5840
  0.5720
  0.5690
  0.5590
  0.5560
  0.5420
  0.5470
  0.5390
  0.5280
  0.5280
  0.5230
  0.5170
  0.5040
  0.5010
  0.4930
  0.4850
  0.4790
  0.4710
  0.4660
  0.4630
  0.4630
  0.4560
  0.4490
  0.4450
  0.4340
  0.4300
  0.4250
  0.4190
  0.4170
  0.4140
  0.4140
  0.4110
  0.4040
  0.4020
  0.3980
  0.3910
  0.3910
  0.3910
  0.3950
  0.3950
  0.3890
  0.3890
  0.3890
  0.3840
  0.3840
  0.3840
  0.3840
  0.3820
  0.3760
  0.3710
  0.3680
  0.3610
  0.3610
  0.3540
  0.3540
  0.3470
  0.3470
  0.3430
  0.3360
  0.3360
  0.3320
  0.3300
  0.3300
  0.3280
  0.3250
  0.3250
  0.3230
  0.3240
  0.3230
  0.3220
  0.3210
  0.3210
  0.3210
  0.3150
  0.3150
  0.3130
  0.3130
  0.3080
  0.3130
  0.3060
  0.3080
  0.3060
  0.3080
  0.3060
  0.3060
  0.2990
  0.3060
  0.2990
  0.3010
  0.2990
  0.3010
  0.3060
  0.3010
  0.3210
  0.3710
  0.4170
  0.4630
  0.5120
  0.5390
  0.5500
  0.5560
  0.5590
  0.5590
  0.5560
  0.5500
  0.5470
  0.5420
  0.5360
  0.5310
  0.5310
  0.5310
  0.5230
  0.5230
  0.5170
  0.5090
  0.5040
  0.4980
  0.4930
  0.4850
  0.4820
  0.4820
  0.4820
  0.4820
  0.4630
  0.4600
  0.4560
  0.4540
  0.4490
  0.4470
  0.4470
  0.4400
  0.4380
  0.4380
  0.4320
  0.4260
  0.4260
  0.4260
  0.4260
  0.4210
  0.4250
  0.4190
  0.4140
  0.4110
  0.4070
  0.4040
  0.4020
  0.3980
  0.3910
  0.3910
  0.3950
  0.3910
  0.3910
  0.3840
  0.3870
  0.3820
  0.3760
  0.3760
  0.3760
  0.3760
  0.3710
  0.3710
  0.3710
  0.3710
  0.3540
  0.3470
  0.3430
  0.3360
  0.3320
  0.3300
  0.3280
  0.3270
  0.3230
  0.3220
  0.3210
  0.3210
  0.3210
  0.3170
  0.3150
  0.3170
  0.3150
  0.3150
  0.3130
  0.3130
  0.3080
  0.3130
  0.3080
  0.3060
  0.3080
  0.3010
  0.3010
  0.2990
  0.3010
  0.2970
  0.2920
  0.2920
  0.2920
  0.2920
  0.2900
  0.2860
  0.2860
  0.2810
  0.2770
  0.2810
  0.2740
  0.2740
  0.2680
  0.2700
  0.2680
  0.2570
  0.2570
  0.2550
  0.2550
  0.2500
  0.2500
  0.2500
  0.2540
  0.2500
  0.2500
  0.2480
  0.2450
  0.2450
  0.2430
  0.2480
  0.2450
  0.2430
  0.2410
  0.2430
  0.2430
  0.2430
  0.2410
  0.2410
  0.2410
  0.2430
  0.2430
  0.2430
  0.2430
  0.2430
  0.2450
  0.2450
  0.2540
  0.3080
  0.4070
  0.5120
  0.6030
  0.6810
  0.8080
  0.8490
  0.9940
  1.1370
  1.3060
  1.4550
  1.5530
  1.6210
  1.6490
  1.6650
  1.6650
  1.6250
  1.6030
  1.5600
  1.5200
  1.4430
  1.4010
  1.3650
  1.3110
  1.2470
  1.2060
  1.1660
  1.1300
  1.1010
  1.0640
  1.0280
  1.0080
  0.9790
  0.9400
  0.9180
  0.8890
  0.8730
  0.8360
  0.8040
  0.7930
  0.8000
  0.8000
  0.7930
  0.7930
  0.7540
  0.7210
  0.7080
  0.6940
  0.6770
  0.6630
  0.6440
  0.6330
  0.6250
  0.6160
  0.6060
  0.5940
  0.5840
  0.5720
  0.5690
  0.5620
  0.5560
  0.5420
  0.5360
  0.5310
  0.5200
  0.5090
  0.5040
  0.5010
  0.4930
  0.4850
  0.4740
  0.4660
  0.4630
  0.4630
  0.4560
  0.4490
  0.4450
  0.4380
  0.4320
  0.4300
  0.4260
  0.4250
  0.4210
  0.4170
  0.4140
  0.4110
  0.4070
  0.4040
  0.4020
  0.3980
  0.3910
  0.3890
  0.3870
  0.3820
  0.3820
  0.3760
  0.3750
  0.3680
  0.3680
  0.3680
  0.3610
  0.3610
  0.3610
  0.3570
  0.3540
  0.3470
  0.3360
  0.3300
  0.3280
  0.3270
  0.3270
  0.3250
  0.3240
  0.3240
  0.3210
  0.3210
  0.3170
  0.3150
  0.3130
  0.3130
  0.3060
  0.3010
  0.3010
  0.2970
  0.2920
  0.2920
  0.2860
  0.2900
  0.2860
  0.2810
  0.2830
  0.2830
  0.2770
  0.2770
  0.2770
  0.2740
  0.2740
  0.2700
  0.2700
  0.2660
  0.2630
  0.2630
  0.2630
  0.2570
  0.2610
  0.2570
  0.2570
  0.2570
  0.2570
  0.2500
  0.2540
  0.2550
  0.2480
  0.2480
  0.2450
  0.2450
  0.2410
  0.2430
  0.2410
  0.2370
  0.2360
  0.2320
  0.2360
  0.2320
  0.2320
  0.2300
  0.2300
  0.2300
  0.2290
  0.2270
  0.2260
  0.2250
  0.2250
  0.2250
  0.2240
  0.2250
  0.2240
  0.2250
  0.2240
  0.2210
  0.2210
  0.2200
  0.2180
  0.2180
  0.2180
  0.2180
  0.2160
  0.2150
  0.2160
  0.2120
  0.2120
  0.2120
  0.2150
  0.2110
  0.2120
  0.2110
  0.2110
  0.2080
  0.2080
  0.2070
  0.2070
  0.2070
  0.2030
  0.2050
  0.2030
  0.2030
  0.2010
  0.1990
  0.1990
  0.1970
  0.1970
  0.1970
  0.1960
  0.1960
  0.1930
  0.1930
  0.1920
  0.1930
  0.1890
  0.1860
  0.1840
  0.1820
  0.1800
  0.1780
  0.1820
  0.1820
  0.1820
  0.1800
  0.1820
  0.1820
  0.1820
  0.1820
  0.1780
  0.1780
  0.1780
  0.1780
  0.1780
  0.1770
  0.1770
  0.1770
  0.1770
  0.1770
  0.1770
  0.1750
  0.1750
  0.1750
  0.1750
  0.1750
  0.1750
  0.1770
  0.1750
  0.1750
  0.1740
  0.1740
  0.1740
  0.1750
  0.1750
  0.1750
  0.1750
  0.1750
  0.1750
  0.1740
  0.1750
  0.1750
  0.1750
  0.1770
  0.1750
  0.1750
  0.1770
  0.1770
  0.1780
  0.1800
  0.1770
  0.1800
  0.1800
  0.1780
  0.1780
  0.1750
  0.1710
  0.1700
  0.1680
  0.1700
  0.1680
  0.1670
  0.1670
  0.1650
  0.1680
  0.1650
  0.1650
  0.1650
  0.1650
  0.1640
  0.1620
  0.1640
  0.1620
  0.1620
  0.1620
  0.1610
  0.1610
  0.1610
  0.1590
  0.1590
  0.1590
  0.1580
  0.1570
  0.1580
  0.1580
  0.1570
  0.1560
  0.1570
  0.1570
  0.1560
  0.1560
  0.1550
  0.1550
  0.1550
  0.1530
  0.1550
  0.1530
  0.1520
  0.1520
  0.1520
  0.1520
  0.1510
  0.1510
  0.1490
  0.1490
  0.1480
  0.1480
  0.1470
  0.1490
  0.1470
  0.1470
  0.1470
  0.1470
  0.1460
  0.1470
  0.1470
  0.1460
  0.1450
  0.1450
  0.1450
  0.1450
  0.1450
  0.1450
  0.1430
  0.1430
  0.1420
  0.1400
  0.1390
  0.1400
  0.1390
  0.1390
  0.1390
  0.1390
  0.1380
  0.1380
  0.1370
  0.1360
  0.1360
  0.1340
  0.1360
  0.1360
  0.1360
  0.1340
  0.1360
  0.1340
  0.1340
  0.1360
  0.1320
  0.1320
  0.1300
  0.1330
  0.1320
  0.1300
  0.1320
  0.1300
  0.1300
  0.1300
  0.1290
  0.1300
  0.1300
  0.1300
  0.1290
  0.1300
  0.1280
  0.1290
  0.1300
  0.1290
  0.1290
  0.1280
  0.1280
  0.1290
  0.1290
  0.1290
  0.1290
  0.1290
  0.1290
  0.1280
  0.1280
  0.1280
  0.1270
  0.1270
  0.1260
  0.1270
  0.1270
  0.1260
  0.1260
  0.1260
  0.1240
  0.1240
  0.1260
  0.1260
  0.1260
  0.1270
  0.1280
  0.1270
  0.1270
  0.1260
  0.1260
  0.1260
  0.1260
  0.1260
  0.1260
  0.1240
  0.1230
  0.1240
  0.1230
  0.1230
  0.1210
  0.1210
  0.1230
  0.1230
  0.1230
  0.1230
  0.1210
  0.1240
  0.1230
  0.1230
  0.1230
  0.1210
  0.1210
  0.1210
  0.1210
  0.1200
  0.1200
  0.1200
  0.1200
  0.1180
  0.1200
  0.1180
  0.1180
  0.1170
  0.1170
  0.1150
  0.1150
  0.1150
  0.1150
  0.1140
  0.1120
  0.1150
  0.1140
  0.1140
  0.1150
  0.1150
  0.1150
  0.1120
  0.1140
  0.1100
  0.1120
  0.1100
  0.1080
  0.1100
  0.1080
  0.1060
  0.1060
  0.1080
  0.1040
  0.1040
  0.1060
  0.1040
  0.1030
  0.1030
  0.1030
  0.1030
  0.1030
  0.1000
  0.1000
  0.1000
  0.1000
  0.1030
  0.1000
  0.1000
  0.0990
  0.1000
  0.0990
  0.0990
  0.0990
  0.0980
  0.0980
  0.0980
  0.0990
  0.0980
  0.0980
  0.0970
  0.0970
  0.0980
  0.0960
  0.0970
  0.0960
  0.0980
  0.0970
  0.0970
  0.0970
  0.0970
  0.0960
  0.0960
  0.0960
  0.0960
  0.0960
  0.0960
  0.0960
  0.0950
  0.0960
  0.0950
  0.0950
  0.0940
  0.0950
  0.0940
  0.0950
  0.0950
  0.0950
  0.0950
  0.0950
  0.0950
  0.0950
  0.0940
  0.0950
  0.0950
  0.0950
  0.0950
  0.0940
  0.0940
  0.0940
  0.0930
  0.0930
  0.0920
  0.0930
  0.0920
  0.0920
  0.0930
  0.0920
  0.0930
  0.0930
  0.0920
  0.0920
  0.0920
  0.0920
  0.0920
  0.0920
  0.0920
  0.0920
  0.0920
  0.0920
  0.0920
  0.0920
  0.0920
  0.0910
  0.0910
  0.0910
  0.0910
  0.0910
  0.0900
  0.0890
  0.0910
  0.0910
  0.0910
  0.0900
  0.0910
  0.0900
  0.0900
  0.0910
  0.0910
  0.0900
  0.0910
  0.0910
  0.0910
  0.0910
  0.0910
  0.0910
  0.0900
  0.0900
  0.0900
  0.0900
  0.0890
  0.0900
  0.0890
  0.0890
  0.0890
  0.0890
  0.0890
  0.0890
  0.0890
  0.0890
  0.0890
  0.0890
  0.0880
  0.0890
  0.0890
  0.0890
  0.0880
  0.0890
  0.0890
  0.0880
  0.088
  0.088
  0.087
  0.088
  0.087
  0.087
  0.087
  0.086
  0.087
  0.087
  0.087
  0.087
  0.087
  0.087
  0.087
  0.087
  0.087
  0.087
  0.087
  0.087
  0.087
  0.087
  0.087
  0.087
  0.087
  0.087
  0.087
  0.087
  0.086
  0.086
  0.086
  0.086
  0.086
  0.086
  0.086
  0.086
  0.086
  0.087
  0.087
  0.086
  0.086
  0.087
  0.086
  0.086
  0.086
  0.086
  0.086
  0.086
  0.086
  0.086
  0.086
  0.086
  0.086
  0.085
  0.085
  0.086
  0.085
  0.086
  0.084
  0.085
  0.085
  0.086
  0.084
  0.084
  0.084
  0.084
  0.085
  0.084
  0.085
  0.085
  0.084
  0.084
  0.084
  0.084
  0.085
  0.084
  0.084
  0.083
  0.083
  0.082
  0.082
  0.082
  0.082
  0.083
  0.082
  0.082
  0.082
  0.082
  0.082
  0.082
  0.082
  0.082
  0.082
  0.081
  0.081
  0.081
  0.082
  0.082
  0.081
  0.081
  0.081
  0.081
  0.081
  0.081
  0.081
  0.081
  0.081
  0.081
  0.082
  0.081
  0.081
  0.081
  0.081
  0.081
  0.080
  0.081
  0.081
  0.081
  0.081
  0.081
  0.080
  0.081
  0.081
  0.079
  0.080
  0.080
  0.080
  0.080
  0.080
  0.079
  0.080
  0.081
  0.081
  0.081
  0.081
  0.081
  0.081
  0.081
  0.081
  0.081
  0.081
  0.082
  0.081
  0.081
  0.082
  0.081
  0.081
  0.082
  0.082
  0.084
  0.087
  0.089
  0.098
  0.124
  0.151
  0.184
  0.229
  0.292
  0.395
  0.754
  1.157
  1.414
  1.585
  1.726
  1.836
  1.922
  1.971
  2.007
  2.030
  2.021
  1.994
  1.968
  1.933
  1.872
  1.832
  1.782
  1.713
  1.669
  1.603
  1.553
  1.509
  1.439
  1.388
  1.342
  1.273
  1.220
  1.188
  1.145
  1.130
  1.105
  1.094
  1.064
  1.046
  1.028
  1.016
  1.008
  1.001
  1.008
  1.008
  1.028
  1.046
  1.064
  1.087
  1.105
  1.127
  1.152
  1.170
  1.184
  1.175
  1.197
  1.202
  1.188
  1.170
  1.166
  1.141
  1.116
  1.094
  1.080
  1.050
  1.019
  0.994
  0.974
  0.925
  0.903
  0.877
  0.857
  0.832
  0.793
  0.793
  0.793
  0.800
  0.793
  0.793
  0.761
  0.747
  0.736
  0.736
  0.729
  0.761
  0.800
  0.800
  0.800
  0.800
  0.800
  0.800
  0.793
  0.800
  0.800
  0.800
  0.800
  0.789
  0.800
  0.800
  0.777
  0.747
  0.729
  0.710
  0.702
  0.699
  0.681
  0.667
  0.652
  0.644
  0.627
  0.616
  0.606
  0.594
  0.581
  0.578
  0.562
  0.550
  0.542
  0.531
  0.531
  0.517
  0.512
  0.504
  0.498
  0.485
  0.474
  0.474
  0.474
  0.463
  0.456
  0.449
  0.447
  0.438
  0.438
  0.432
  0.430
  0.430
  0.426
  0.425
  0.421
  0.421
  0.425
  0.425
  0.421
  0.417
  0.414
  0.414
  0.407
  0.404
  0.402
  0.398
  0.395
  0.387
  0.384
  0.376
  0.375
  0.375
  0.371
  0.371
  0.368
  0.368
  0.361
  0.357
  0.347
  0.336
  0.332
  0.330
  0.328
  0.328
  0.325
  0.324
  0.323
  0.321
  0.317
  0.315
  0.313
  0.306
  0.301
  0.297
  0.297
  0.292
  0.290
  0.286
  0.281
  0.281
  0.277
  0.277
  0.274
  0.274
  0.270
  0.270
  0.268
  0.268
  0.263
  0.266
  0.263
  0.263
  0.257
  0.257
  0.257
  0.255
  0.250
  0.248
  0.254
  0.250
  0.248
  0.248
  0.245
  0.243
  0.243
  0.241
  0.241
  0.237
  0.241
  0.236
  0.236
  0.236
  0.229
  0.229
  0.229
  0.227
  0.227
  0.227
  0.226
  0.226
  0.225
  0.225
  0.224
  0.223
  0.223
  0.221
  0.220
  0.221
  0.221
  0.220
  0.218
  0.218
  0.216
  0.216
  0.216
  0.216
  0.215
  0.215
  0.212
  0.211
  0.208
  0.207
  0.211
  0.207
  0.208
  0.208
  0.207
  0.203
  0.207
  0.203
  0.205
  0.205
  0.199
  0.201
  0.199
  0.199
  0.199
  0.193
  0.192
  0.189
  0.188
  0.186
  0.186
  0.186
  0.186
  0.182
  0.186
  0.184
  0.186
  0.184
  0.186
  0.186
  0.184
  0.186
  0.184
  0.184
  0.184
  0.186
  0.186
  0.186
  0.186
  0.186
  0.186
  0.184
  0.186
  0.184
  0.184
  0.186
  0.184
  0.184
  0.184
  0.184
  0.186
  0.186
  0.184
  0.186
  0.186
  0.184
  0.182
  0.184
  0.184
  0.182
  0.182
  0.184
  0.184
  0.180
  0.182
  0.180
  0.182
  0.184
  0.184
  0.184
  0.184
  0.182
  0.184
  0.186
  0.186
  0.182
  0.186
  0.184
  0.184
  0.182
  0.184
  0.184
  0.184
  0.186
  0.186
  0.186
  0.184
  0.184
  0.184
  0.182
  0.177
  0.178
  0.175
  0.175
  0.171
  0.172
  0.170
  0.170
  0.168
  0.168
  0.167
  0.168
  0.167
  0.165
  0.165
  0.165
  0.165
  0.165
  0.164
  0.165
  0.164
  0.164
  0.164
  0.164
  0.164
  0.165
  0.167
  0.168
  0.170
  0.171
  0.174
  0.177
  0.182
  0.188
  0.188
  0.188
  0.188
  0.188
  0.189
  0.186
  0.186
  0.186
  0.184
  0.186
  0.199
  0.205
  0.208
  0.211
  0.215
  0.218
  0.223
  0.224
  0.225
  0.227
  0.229
  0.229
  0.230
  0.230
  0.230
  0.232
  0.232
  0.232
  0.230
  0.230
  0.230
  0.230
  0.229
  0.230
  0.227
  0.229
  0.229
  0.227
  0.229
  0.227
  0.227
  0.227
  0.225
  0.226
  0.225
  0.225
  0.224
  0.226
  0.224
  0.225
  0.223
  0.223
  0.221
  0.221
  0.223
  0.223
  0.221
  0.221
  0.221
  0.221
  0.221
  0.220
  0.220
  0.218
  0.216
  0.218
  0.218
  0.218
  0.216
  0.216
  0.215
  0.212
  0.212
  0.212
  0.212
  0.211
  0.211
  0.208
  0.207
  0.207
  0.207
  0.205
  0.205
  0.203
  0.205
  0.205
  0.205
  0.201
  0.201
  0.199
  0.199
  0.196
  0.193
  0.196
  0.193
  0.189
  0.189
  0.192
  0.188
  0.186
  0.189
  0.188
  0.189
  0.189
  0.189
  0.189
  0.188
  0.188
  0.188
  0.188
  0.188
  0.186
  0.186
  0.189
  0.188
  0.188
  0.188
  0.186
  0.188
  0.189
  0.188
  0.189
  0.189
  0.189
  0.188
  0.188
  0.188
  0.188
  0.186
  0.188
  0.186
  0.184
  0.188
  0.186
  0.186
  0.184
  0.186
  0.186
  0.188
  0.192
  0.201
  0.208
  0.227
  0.327
  0.430
  0.493
  0.523
  0.542
  0.547
  0.556
  0.542
  0.547
  0.542
  0.539
  0.542
  0.536
  0.528
  0.523
  0.517
  0.509
  0.498
  0.490
  0.479
  0.474
  0.474
  0.474
  0.471
  0.456
  0.456
  0.449
  0.445
  0.438
  0.438
  0.432
  0.430
  0.425
  0.419
  0.414
  0.414
  0.411
  0.404
  0.395
  0.395
  0.387
  0.384
  0.384
  0.382
  0.376
  0.376
  0.376
  0.371
  0.357
  0.361
  0.354
  0.354
  0.354
  0.347
  0.343
  0.343
  0.336
  0.332
  0.328
  0.327
  0.325
  0.324
  0.324
  0.322
  0.321
  0.321
  0.315
  0.313
  0.313
  0.308
  0.299
  0.301
  0.297
  0.297
  0.297
  0.290
  0.292
  0.286
  0.286
  0.286
  0.283
  0.283
  0.281
  0.277
  0.277
  0.274
  0.274
  0.274
  0.274
  0.268
  0.268
  0.268
  0.268
  0.268
  0.266
  0.261
  0.261
  0.261
  0.255
  0.255
  0.254
  0.254
  0.255
  0.255
  0.250
  0.250
  0.248
  0.248
  0.243
  0.243
  0.241
  0.241
  0.241
  0.237
  0.237
  0.236
  0.236
  0.232
  0.230
  0.230
  0.229
  0.230
  0.230
  0.229
  0.229
  0.229
  0.225
  0.225
  0.224
  0.224
  0.224
  0.224
  0.223
  0.221
  0.221
  0.223
  0.220
  0.223
  0.223
  0.223
  0.224
  0.224
  0.225
  0.225
  0.226
  0.230
  0.232
  0.236
  0.241
  0.245
  0.245
  0.245
  0.254
  0.254
  0.254
  0.257
  0.261
  0.263
  0.266
  0.270
  0.268
  0.266
  0.268
  0.270
  0.268
  0.268
  0.268
  0.270
  0.270
  0.270
  0.270
  0.270
  0.270
  0.268
  0.268
  0.268
  0.268
  0.268
  0.268
  0.266
  0.266
  0.266
  0.261
  0.266
  0.263
  0.263
  0.263
  0.257
  0.254
  0.255
  0.255
  0.255
  0.254
  0.250
  0.250
  0.245
  0.245
  0.248
  0.245
  0.243
  0.243
  0.243
  0.241
  0.237
  0.241
  0.236
  0.236
  0.236
  0.236
  0.232
  0.230
  0.232
  0.229
  0.229
  0.229
  0.229
  0.227
  0.226
  0.225
  0.226
  0.225
  0.225
  0.224
  0.224
  0.221
  0.223
  0.221
  0.220
  0.218
  0.216
  0.216
  0.216
  0.216
  0.212
  0.212
  0.208
  0.211
  0.208
  0.208
  0.205
  0.205
  0.205
  0.205
  0.201
  0.199
  0.199
  0.196
  0.189
  0.188
  0.189
  0.188
  0.184
  0.186
  0.186
  0.184
  0.186
  0.184
  0.184
  0.186
  0.184
  0.184
  0.184
  0.186
  0.184
  0.184
  0.184
  0.186
  0.186
  0.186
  0.186
  0.184
  0.186
  0.184
  0.186
  0.186
  0.186
  0.184
  0.184
  0.184
  0.182
  0.186
  0.186
  0.186
  0.184
  0.184
  0.186
  0.186
  0.186
  0.188
  0.186
  0.186
  0.186
  0.186
  0.184
  0.186
  0.186
  0.184
  0.186
  0.184
  0.186
  0.186
  0.182
  0.186
  0.186
  0.186
  0.184
  0.184
  0.182
  0.182
  0.178
  0.182
  0.177
  0.178
  0.177
  0.175
  0.174
  0.174
  0.171
  0.174
  0.175
  0.175
  0.174
  0.175
  0.175
  0.175
  0.174
  0.172
  0.172
  0.170
  0.168
  0.167
  0.168
  0.165
  0.165
  0.165
  0.164
  0.164
  0.162
  0.162
  0.161
  0.162
  0.162
  0.164
  0.162
  0.162
  0.162
  0.162
  0.161
  0.159
  0.159
  0.162
  0.161
  0.161
  0.159
  0.158
  0.158
  0.159
  0.157
  0.158
  0.157
  0.157
  0.157
  0.156
  0.155
  0.156
  0.153
  0.155
  0.155
  0.153
  0.153
  0.152
  0.152
  0.152
  0.151
  0.148
  0.148
  0.148
  0.147
  0.147
  0.148
  0.148
  0.146
  0.147
  0.146
  0.145
  0.145
  0.145
  0.145
  0.145
  0.143
  0.143
  0.145
  0.143
  0.143
  0.145
  0.145
  0.142
  0.143
  0.140
  0.143
  0.142
  0.142
  0.143
  0.142
  0.139
  0.139
  0.139
  0.139
  0.139
  0.138
  0.138
  0.138
  0.139
  0.137
  0.138
  0.137
  0.137
  0.136
  0.137
  0.137
  0.137
  0.138
  0.134
  0.136
  0.138
  0.136
  0.137
  0.136
  0.136
  0.136
  0.134
  0.134
  0.136
  0.136
  0.134
  0.134
  0.134
  0.136
  0.136
  0.136
  0.134
  0.136
  0.134
  0.134
  0.136
  0.134
  0.136
  0.134
  0.136
  0.137
  0.137
  0.137
  0.137
  0.136
  0.136
  0.137
  0.136
  0.134
  0.136
  0.136
  0.134
  0.133
  0.133
  0.134
  0.134
  0.133
  0.133
  0.133
  0.133
  0.133
  0.132
  0.133
  0.133
  0.134
  0.134
  0.134
  0.136
  0.136
  0.138
  0.137
  0.138
  0.140
  0.139
  0.142
  0.145
  0.148
  0.152
  0.155
  0.161
  0.164
  0.172
  0.184
  0.184
  0.182
  0.186
  0.182
  0.184
  0.203
  0.211
  0.223
  0.237
  0.292
  0.322
  0.336
  0.368
  0.375
  0.378
  0.382
  0.382
  0.384
  0.387
  0.384
  0.387
  0.384
  0.382
  0.382
  0.376
  0.376
  0.376
  0.375
  0.375
  0.376
  0.371
  0.371
  0.375
  0.368
  0.357
  0.347
  0.347
  0.347
  0.336
  0.332
  0.336
  0.332
  0.330
  0.328
  0.328
  0.328
  0.327
  0.324
  0.322
  0.324
  0.321
  0.321
  0.315
  0.315
  0.313
  0.306
  0.306
  0.301
  0.299
  0.299
  0.297
  0.290
  0.292
  0.290
  0.290
  0.286
  0.281
  0.283
  0.274
  0.274
  0.274
  0.270
  0.270
  0.268
  0.270
  0.268
  0.263
  0.263
  0.263
  0.261
  0.257
  0.257
  0.257
  0.255
  0.255
  0.257
  0.255
  0.254
  0.254
  0.254
  0.254
  0.255
  0.255
  0.255
  0.257
  0.255
  0.255
  0.257
  0.257
  0.261
  0.257
  0.257
  0.263
  0.266
  0.266
  0.268
  0.266
  0.268
  0.268
  0.266
  0.266
  0.266
  0.263
  0.261
  0.266
  0.263
  0.266
  0.261
  0.263
  0.266
  0.286
  0.323
  0.382
  0.479
  0.594
  0.688
  0.736
  0.793
  0.793
  0.900
  1.005
  1.094
  1.157
  1.220
  1.262
  1.284
  1.306
  1.311
  1.356
  1.352
  1.401
  1.417
  1.425
  1.414
  1.406
  1.443
  1.487
  1.513
  1.564
  1.585
  1.621
  1.614
  1.665
  1.653
  1.681
  1.665
  1.685
  1.657
  1.681
  1.685
  1.726
  1.775
  1.876
  1.944
  2.114
  2.356
  2.623
  2.939
  3.300
  3.815
  4.296
  4.846
  5.306
  5.594
  5.874
  6.072
  6.186
  6.218
  6.305
  6.305
  6.305
  6.294
  6.153
  6.305
  6.402
  6.737
  7.678
  8.600
  9.934
 11.206
 12.991
 14.458
 15.521
 16.723
 17.136
 18.442
 18.307
 18.442
 17.208
 16.253
 15.134
 13.314
 12.232
 10.324
  8.701
  7.729
  7.312
  6.813
  6.294
  6.063
  5.703
  5.468
  5.090
  4.837
  4.531
  4.242
  3.999
  3.771
  3.606
  3.357
  3.276
  2.923
  2.768
  2.663
  2.546
  2.442
  2.359
  2.295
  2.200
  2.137
  2.079
  2.050
  1.994
  1.953
  1.895
  1.858
  1.832
  1.796
  1.767
  1.709
  1.669
  1.649
  1.614
  1.574
  1.549
  1.520
  1.493
  1.450
  1.425
  1.397
  1.370
  1.338
  1.320
  1.284
  1.252
  1.233
  1.215
  1.188
  1.157
  1.130
  1.116
  1.094
  1.087
  1.064
  1.046
  1.028
  1.005
  0.990
  0.974
  0.950
  0.918
  0.903
  0.892
  0.877
  0.865
  0.849
  0.828
